0 0.378313 0.648780 0.142169 0.321951
0 0.448193 0.507317 0.053012 0.060976
0 0.484337 0.543902 0.081928 0.046341
0 0.349398 0.543902 0.132530 0.095122
0 0.563855 0.336585 0.407229 0.231707
0 0.402410 0.024390 0.161446 0.514634
0 0.590361 0.656098 0.065060 0.058537
0 0.361446 0.204878 0.142169 0.302439
0 0.554217 0.536585 0.212048 0.124390
0 0.493976 0.675610 0.137349 0.204878
0 0.173494 0.295122 0.274699 0.234146
0 0.262651 0.636585 0.173494 0.258537
0 0.561446 0.329268 0.127711 0.139024
0 0.542169 0.136585 0.330120 0.404878
0 0.274699 0.585366 0.086747 0.087805
0 0.474699 0.585366 0.077108 0.090244
0 0.554217 0.629268 0.356627 0.282927
0 0.024096 0.407317 0.378313 0.151220
0 0.510843 0.424390 0.096386 0.117073
