0 0.710744 0.464135 0.239669 0.172996
0 0.334711 0.578059 0.132231 0.105485
0 0.586777 0.594937 0.206612 0.147679
0 0.483471 0.586498 0.107438 0.063291
0 0.202479 0.244726 0.239669 0.257384
0 0.223140 0.514768 0.152893 0.139241
0 0.541322 0.502110 0.070248 0.101266
0 0.586777 0.316456 0.173554 0.236287
0 0.342975 0.624473 0.181818 0.324895
0 0.446281 0.438819 0.107438 0.147679
0 0.603306 0.350211 0.243802 0.240506
0 0.041322 0.270042 0.442149 0.324895
0 0.520661 0.645570 0.185950 0.147679
0 0.417355 0.042194 0.185950 0.438819
0 0.123967 0.628692 0.223140 0.122363
