0 0.328221 0.542274 0.177914 0.285714
0 0.444785 0.533528 0.107362 0.154519
0 0.533742 0.486880 0.064417 0.069971
0 0.328221 0.224490 0.193252 0.241983
0 0.601227 0.527697 0.226994 0.192420
0 0.530675 0.524781 0.190184 0.440233
0 0.340491 0.475219 0.110429 0.064140
0 0.177914 0.527697 0.282209 0.291545
0 0.030675 0.282799 0.481595 0.192420
0 0.671779 0.195335 0.291411 0.236152
0 0.389571 0.166181 0.153374 0.294461
0 0.453988 0.475219 0.079755 0.072886
0 0.512270 0.460641 0.052147 0.034985
0 0.601227 0.536443 0.162577 0.125364
0 0.561350 0.317784 0.122699 0.148688
0 0.546012 0.029155 0.242331 0.431487
0 0.564417 0.425656 0.125767 0.081633
