0 0.229508 0.606452 0.278689 0.245161
0 0.456284 0.519355 0.079235 0.083871
0 0.532787 0.554839 0.046448 0.041935
0 0.576503 0.500000 0.139344 0.132258
0 0.338798 0.158065 0.172131 0.212903
0 0.551913 0.454839 0.054645 0.067742
0 0.467213 0.032258 0.147541 0.387097
0 0.666667 0.254839 0.286885 0.241935
0 0.428962 0.322581 0.139344 0.190323
0 0.554645 0.593548 0.142077 0.322581
0 0.346995 0.422581 0.142077 0.112903
0 0.396175 0.593548 0.166667 0.329032
0 0.527322 0.496774 0.054645 0.061290
0 0.606557 0.074194 0.245902 0.419355
0 0.601093 0.283871 0.106557 0.132258
0 0.027322 0.335484 0.478142 0.212903
0 0.622951 0.632258 0.344262 0.329032
0 0.699454 0.525806 0.106557 0.119355
