0 0.633858 0.419231 0.125984 0.046154
0 0.275591 0.446154 0.251969 0.115385
0 0.637795 0.207692 0.173228 0.219231
0 0.263780 0.084615 0.267717 0.238462
0 0.594488 0.426923 0.043307 0.053846
0 0.519685 0.480769 0.157480 0.257692
0 0.657480 0.384615 0.295276 0.196154
0 0.381890 0.480769 0.228346 0.473077
0 0.531496 0.038462 0.185039 0.223077
0 0.039370 0.434615 0.503937 0.196154
0 0.633858 0.438462 0.224409 0.342308
0 0.484252 0.430769 0.114173 0.107692
0 0.531496 0.265385 0.133858 0.157692
0 0.377953 0.292308 0.149606 0.050000
0 0.551181 0.415385 0.066929 0.030769
