0 0.588921 0.506887 0.122449 0.107438
0 0.527697 0.545455 0.061224 0.052342
0 0.029155 0.407713 0.510204 0.159780
0 0.533528 0.509642 0.040816 0.035813
0 0.699708 0.504132 0.102041 0.090909
0 0.469388 0.589532 0.069971 0.099174
0 0.428571 0.597796 0.145773 0.292011
0 0.705539 0.426997 0.259475 0.162534
0 0.107872 0.573003 0.341108 0.247934
0 0.346939 0.504132 0.125364 0.093664
0 0.183673 0.275482 0.233236 0.143251
0 0.606414 0.278237 0.329446 0.217631
0 0.533528 0.424242 0.072886 0.096419
0 0.314869 0.027548 0.230321 0.407713
0 0.440233 0.517906 0.099125 0.068871
0 0.402332 0.308540 0.137026 0.176309
0 0.620991 0.600551 0.332362 0.366391
0 0.539359 0.253444 0.113703 0.179063
