0 0.577465 0.522034 0.109859 0.122034
0 0.464789 0.535593 0.073239 0.091525
0 0.532394 0.481356 0.081690 0.088136
0 0.684507 0.538983 0.123944 0.132203
0 0.591549 0.057627 0.228169 0.437288
0 0.456338 0.033898 0.146479 0.393220
0 0.338028 0.159322 0.174648 0.223729
0 0.439437 0.349153 0.126761 0.179661
0 0.414085 0.613559 0.160563 0.271186
0 0.554930 0.616949 0.149296 0.328814
0 0.028169 0.328814 0.450704 0.227119
0 0.532394 0.572881 0.045070 0.040678
0 0.656338 0.264407 0.284507 0.261017
0 0.219718 0.620339 0.276056 0.233898
0 0.605634 0.637288 0.360563 0.322034
0 0.343662 0.427119 0.138028 0.125424
0 0.602817 0.342373 0.112676 0.155932
