0 0.571429 0.433437 0.231169 0.145511
0 0.496104 0.538700 0.072727 0.055728
0 0.259740 0.089783 0.244156 0.455108
0 0.192208 0.213622 0.225974 0.244582
0 0.571429 0.476780 0.397403 0.173375
0 0.262338 0.613003 0.205195 0.213622
0 0.485714 0.411765 0.080519 0.126935
0 0.488312 0.600619 0.085714 0.253870
0 0.298701 0.616099 0.192208 0.312693
0 0.558442 0.718266 0.254545 0.244582
0 0.566234 0.030960 0.161039 0.421053
0 0.025974 0.529412 0.415584 0.198142
0 0.545455 0.315789 0.246753 0.232198
0 0.425974 0.547988 0.088312 0.074303
0 0.509091 0.331269 0.075325 0.105263
0 0.327273 0.433437 0.153247 0.142415
0 0.516883 0.594427 0.111688 0.120743
