0 0.575064 0.424332 0.223919 0.130564
0 0.508906 0.311573 0.076336 0.106825
0 0.524173 0.572700 0.127226 0.139466
0 0.572519 0.029674 0.155216 0.385757
0 0.503817 0.507418 0.076336 0.077151
0 0.424936 0.528190 0.086514 0.077151
0 0.488550 0.578635 0.086514 0.237389
0 0.025445 0.513353 0.402036 0.195846
0 0.249364 0.091988 0.259542 0.433234
0 0.269720 0.602374 0.180662 0.186944
0 0.569975 0.706231 0.241730 0.243323
0 0.491094 0.373887 0.081425 0.142433
0 0.557252 0.293769 0.234097 0.216617
0 0.190840 0.207715 0.221374 0.210682
0 0.292621 0.605341 0.193384 0.359050
0 0.559796 0.492582 0.409669 0.175074
0 0.307888 0.391691 0.173028 0.154303
