0 0.661616 0.575843 0.080808 0.092697
0 0.025253 0.432584 0.464646 0.171348
0 0.527778 0.573034 0.040404 0.101124
0 0.522727 0.477528 0.073232 0.101124
0 0.383838 0.561798 0.065657 0.081461
0 0.474747 0.620787 0.106061 0.317416
0 0.424242 0.570225 0.103535 0.089888
0 0.611111 0.671348 0.315657 0.252809
0 0.595960 0.289326 0.295455 0.252809
0 0.563131 0.564607 0.101010 0.106742
0 0.383838 0.028090 0.171717 0.446629
0 0.181818 0.275281 0.196970 0.160112
0 0.196970 0.660112 0.252525 0.306180
0 0.492424 0.553371 0.045455 0.030899
0 0.373737 0.370787 0.143939 0.179775
0 0.537879 0.238764 0.123737 0.250000
0 0.646465 0.387640 0.323232 0.202247
0 0.492424 0.676966 0.131313 0.205056
