0 0.551601 0.691120 0.217082 0.254826
0 0.277580 0.548263 0.153025 0.127413
0 0.654804 0.613900 0.117438 0.123552
0 0.131673 0.694981 0.160142 0.142857
0 0.434164 0.594595 0.103203 0.081081
0 0.281139 0.305019 0.241993 0.305019
0 0.480427 0.691120 0.039146 0.061776
0 0.252669 0.664093 0.252669 0.181467
0 0.597865 0.200772 0.327402 0.401544
0 0.391459 0.760618 0.163701 0.193050
0 0.416370 0.351351 0.128114 0.235521
0 0.540925 0.606178 0.110320 0.088803
0 0.526690 0.532819 0.067616 0.108108
0 0.035587 0.239382 0.448399 0.351351
0 0.729537 0.498069 0.227758 0.166023
0 0.476868 0.038610 0.185053 0.490347
0 0.608541 0.416988 0.202847 0.185328
