0 0.299479 0.328912 0.106771 0.095491
0 0.455729 0.450928 0.052083 0.042440
0 0.026042 0.344828 0.348958 0.167109
0 0.473958 0.522546 0.143229 0.209549
0 0.447917 0.610080 0.054688 0.111406
0 0.507812 0.419098 0.127604 0.082228
0 0.622396 0.374005 0.346354 0.175066
0 0.171875 0.026525 0.244792 0.339523
0 0.489583 0.477454 0.044271 0.037135
0 0.361979 0.368700 0.106771 0.111406
0 0.468750 0.416446 0.046875 0.039788
0 0.515625 0.082228 0.312500 0.355438
0 0.484375 0.169761 0.153646 0.246684
0 0.054688 0.482759 0.403646 0.241379
0 0.421875 0.485411 0.080729 0.087533
0 0.622396 0.360743 0.127604 0.095491
0 0.356771 0.572944 0.169271 0.395225
0 0.518229 0.511936 0.283854 0.283820
0 0.377604 0.135279 0.135417 0.281167
0 0.242188 0.509284 0.184896 0.190981
