0 0.031847 0.277603 0.458599 0.189274
0 0.541401 0.488959 0.340764 0.211356
0 0.515924 0.466877 0.095541 0.258675
0 0.544586 0.182965 0.108280 0.255521
0 0.535032 0.422713 0.098726 0.072555
0 0.471338 0.406940 0.063694 0.059937
0 0.238854 0.031546 0.267516 0.378549
0 0.630573 0.287066 0.331210 0.186120
0 0.356688 0.425868 0.060510 0.050473
0 0.490446 0.182965 0.108280 0.258675
0 0.576433 0.085174 0.331210 0.334385
0 0.621019 0.517350 0.098726 0.047319
0 0.146497 0.416404 0.254777 0.113565
0 0.452229 0.463722 0.207006 0.498423
0 0.369427 0.463722 0.152866 0.119874
