0 0.177083 0.639706 0.326389 0.227941
0 0.513889 0.577206 0.131944 0.091912
0 0.034722 0.198529 0.430556 0.360294
0 0.513889 0.514706 0.086806 0.102941
0 0.298611 0.305147 0.222222 0.279412
0 0.600694 0.183824 0.329861 0.389706
0 0.649306 0.488971 0.309028 0.161765
0 0.541667 0.665441 0.232639 0.290441
0 0.618056 0.389706 0.177083 0.158088
0 0.479167 0.036765 0.190972 0.477941
0 0.392361 0.286765 0.145833 0.290441
0 0.277778 0.533088 0.107639 0.139706
0 0.388889 0.720588 0.156250 0.205882
0 0.635417 0.617647 0.121528 0.099265
0 0.121528 0.702206 0.111111 0.147059
0 0.458333 0.669118 0.041667 0.047794
0 0.388889 0.558824 0.135417 0.091912
