0 0.495238 0.556995 0.059524 0.067358
0 0.528571 0.626943 0.314286 0.279793
0 0.390476 0.567358 0.104762 0.129534
0 0.478571 0.525907 0.040476 0.049223
0 0.142857 0.186528 0.295238 0.308290
0 0.440476 0.440415 0.061905 0.085492
0 0.347619 0.647668 0.073810 0.101036
0 0.511905 0.248705 0.233333 0.290155
0 0.233333 0.525907 0.197619 0.098446
0 0.542857 0.658031 0.123810 0.132124
0 0.428571 0.683938 0.135714 0.284974
0 0.530952 0.391192 0.440476 0.194301
0 0.419048 0.492228 0.061905 0.080311
0 0.516667 0.419689 0.161905 0.126943
0 0.023810 0.585492 0.407143 0.287565
0 0.178571 0.380829 0.245238 0.152850
0 0.442857 0.344560 0.090476 0.085492
0 0.416667 0.025907 0.150000 0.424870
