0 0.338235 0.102564 0.161765 0.368590
0 0.291176 0.522436 0.176471 0.105769
0 0.544118 0.576923 0.220588 0.166667
0 0.114706 0.605769 0.217647 0.185897
0 0.505882 0.535256 0.047059 0.041667
0 0.476471 0.032051 0.191176 0.362179
0 0.611765 0.262821 0.352941 0.240385
0 0.450000 0.573718 0.088235 0.092949
0 0.511765 0.400641 0.123529 0.137821
0 0.444118 0.474359 0.073529 0.099359
0 0.202941 0.599359 0.247059 0.317308
0 0.423529 0.663462 0.088235 0.086538
0 0.029412 0.301282 0.411765 0.227564
0 0.529412 0.576923 0.252941 0.195513
0 0.532353 0.352564 0.105882 0.092949
0 0.294118 0.269231 0.170588 0.217949
0 0.532353 0.644231 0.297059 0.317308
