0 0.554930 0.106267 0.371831 0.299728
0 0.538028 0.490463 0.163380 0.171662
0 0.447887 0.435967 0.056338 0.043597
0 0.512676 0.479564 0.236620 0.403270
0 0.061972 0.446866 0.374648 0.149864
0 0.585915 0.425068 0.076056 0.081744
0 0.656338 0.343324 0.309859 0.163488
0 0.501408 0.419619 0.101408 0.079019
0 0.456338 0.474114 0.045070 0.065395
0 0.346479 0.539510 0.185915 0.427793
0 0.253521 0.460490 0.197183 0.136240
0 0.476056 0.378747 0.078873 0.059946
0 0.315493 0.280654 0.166197 0.128065
0 0.383099 0.384196 0.092958 0.065395
0 0.216901 0.027248 0.205634 0.234332
0 0.419718 0.138965 0.138028 0.269755
0 0.481690 0.114441 0.115493 0.261580
0 0.028169 0.286104 0.354930 0.130790
