0 0.040486 0.342975 0.327935 0.190083
0 0.376518 0.603306 0.072874 0.090909
0 0.368421 0.487603 0.097166 0.111570
0 0.526316 0.380165 0.425101 0.185950
0 0.311741 0.157025 0.133603 0.128099
0 0.327935 0.185950 0.170040 0.305785
0 0.404858 0.578512 0.105263 0.078512
0 0.485830 0.648760 0.352227 0.235537
0 0.465587 0.041322 0.206478 0.446281
0 0.506073 0.619835 0.182186 0.078512
0 0.161943 0.508264 0.210526 0.078512
0 0.157895 0.561983 0.230769 0.136364
0 0.461538 0.446281 0.125506 0.144628
0 0.271255 0.698347 0.174089 0.252066
0 0.518219 0.500000 0.307692 0.123967
