0 0.559486 0.508091 0.321543 0.174757
0 0.395498 0.472492 0.115756 0.113269
0 0.032154 0.268608 0.443730 0.207120
0 0.498392 0.203883 0.102894 0.252427
0 0.363344 0.440129 0.064309 0.042071
0 0.479100 0.433657 0.064309 0.061489
0 0.241158 0.032362 0.276527 0.401294
0 0.630225 0.291262 0.331190 0.194175
0 0.524116 0.495146 0.090032 0.229773
0 0.553055 0.190939 0.106109 0.258900
0 0.578778 0.080906 0.311897 0.359223
0 0.540193 0.440129 0.090032 0.067961
0 0.456592 0.495146 0.205788 0.466019
0 0.157556 0.417476 0.273312 0.116505
