0 0.038023 0.342308 0.273764 0.188462
0 0.547529 0.507692 0.361217 0.142308
0 0.539924 0.384615 0.414449 0.169231
0 0.357414 0.573077 0.155894 0.165385
0 0.471483 0.038462 0.220532 0.461538
0 0.311787 0.453846 0.140684 0.126923
0 0.517110 0.669231 0.300380 0.284615
0 0.490494 0.369231 0.201521 0.165385
0 0.452471 0.546154 0.110266 0.092308
0 0.437262 0.480769 0.060837 0.092308
0 0.140684 0.503846 0.266160 0.192308
0 0.281369 0.119231 0.209125 0.357692
0 0.277567 0.726923 0.167300 0.203846
0 0.536122 0.596154 0.155894 0.115385
