0 0.242308 0.350554 0.219231 0.121771
0 0.207692 0.202952 0.296154 0.287823
0 0.269231 0.594096 0.165385 0.265683
0 0.503846 0.369004 0.096154 0.143911
0 0.426923 0.306273 0.080769 0.118081
0 0.573077 0.575646 0.180769 0.166052
0 0.511538 0.516605 0.065385 0.073801
0 0.480769 0.494465 0.061538 0.047970
0 0.465385 0.594096 0.069231 0.158672
0 0.407692 0.472325 0.103846 0.125461
0 0.588462 0.036900 0.365385 0.424354
0 0.550000 0.461255 0.296154 0.147601
0 0.038462 0.464945 0.369231 0.180812
0 0.476923 0.114391 0.138462 0.261993
0 0.519231 0.594096 0.207692 0.361624
