0 0.471698 0.479554 0.094340 0.111524
0 0.230189 0.267658 0.222642 0.152416
0 0.037736 0.338290 0.400000 0.171004
0 0.535849 0.390335 0.418868 0.163569
0 0.449057 0.568773 0.177358 0.386617
0 0.188679 0.092937 0.271698 0.319703
0 0.433962 0.412639 0.098113 0.063197
0 0.184906 0.464684 0.267925 0.189591
0 0.403774 0.037175 0.173585 0.278810
0 0.475472 0.301115 0.124528 0.130112
0 0.418868 0.631970 0.150943 0.156134
0 0.535849 0.301115 0.343396 0.152416
0 0.562264 0.516729 0.339623 0.289963
0 0.603774 0.096654 0.290566 0.271375
0 0.154717 0.628253 0.215094 0.156134
