0 0.549488 0.508897 0.252560 0.142349
0 0.522184 0.544484 0.088737 0.181495
0 0.034130 0.295374 0.440273 0.206406
0 0.491468 0.277580 0.092150 0.213523
0 0.518771 0.195730 0.139932 0.288256
0 0.491468 0.491103 0.054608 0.056940
0 0.228669 0.035587 0.290102 0.459075
0 0.590444 0.298932 0.368601 0.224199
0 0.423208 0.498221 0.095563 0.128114
0 0.341297 0.455516 0.092150 0.056940
0 0.566553 0.088968 0.300341 0.387900
0 0.535836 0.473310 0.064846 0.053381
0 0.443686 0.551601 0.211604 0.405694
0 0.139932 0.451957 0.290102 0.117438
