0 0.185819 0.284337 0.278729 0.238554
0 0.481663 0.554217 0.070905 0.074699
0 0.574572 0.315663 0.132029 0.137349
0 0.398533 0.609639 0.141809 0.361446
0 0.562347 0.325301 0.408313 0.228916
0 0.281174 0.602410 0.173594 0.262651
0 0.278729 0.561446 0.122249 0.086747
0 0.508557 0.532530 0.051345 0.033735
0 0.603912 0.139759 0.264059 0.330120
0 0.410758 0.024096 0.173594 0.493976
0 0.501222 0.626506 0.139364 0.228916
0 0.513447 0.436145 0.090465 0.096386
0 0.550122 0.600000 0.366748 0.284337
0 0.398533 0.515663 0.095355 0.084337
0 0.386308 0.226506 0.129584 0.267470
0 0.024450 0.424096 0.383863 0.144578
0 0.552567 0.510843 0.193154 0.096386
0 0.466993 0.496386 0.048900 0.057831
0 0.601467 0.633735 0.066015 0.060241
