0 0.600733 0.632411 0.168498 0.110672
0 0.545788 0.525692 0.047619 0.063241
0 0.553114 0.679842 0.216117 0.264822
0 0.505495 0.584980 0.069597 0.067194
0 0.271062 0.296443 0.168498 0.173913
0 0.267399 0.541502 0.113553 0.142292
0 0.329670 0.581028 0.190476 0.142292
0 0.611722 0.411067 0.208791 0.185771
0 0.380952 0.711462 0.161172 0.241107
0 0.417582 0.399209 0.128205 0.193676
0 0.589744 0.213439 0.326007 0.379447
0 0.124542 0.687747 0.256410 0.150198
0 0.036630 0.245059 0.461538 0.363636
0 0.626374 0.490119 0.329670 0.169960
0 0.476190 0.039526 0.183150 0.482213
0 0.538462 0.596838 0.084249 0.083004
