0 0.037736 0.347170 0.264151 0.177358
0 0.483019 0.645283 0.328302 0.309434
0 0.543396 0.384906 0.411321 0.173585
0 0.283019 0.573585 0.196226 0.347170
0 0.513208 0.358491 0.222642 0.173585
0 0.483019 0.037736 0.215094 0.445283
0 0.562264 0.600000 0.124528 0.109434
0 0.294340 0.445283 0.162264 0.128302
0 0.098113 0.543396 0.309434 0.177358
0 0.433962 0.460377 0.075472 0.124528
0 0.456604 0.547170 0.113208 0.098113
0 0.192453 0.116981 0.237736 0.350943
0 0.566038 0.532075 0.381132 0.154717
0 0.373585 0.181132 0.120755 0.286792
