0 0.089362 0.555085 0.289362 0.131356
0 0.123404 0.508475 0.246809 0.059322
0 0.531915 0.381356 0.417021 0.186441
0 0.042553 0.330508 0.327660 0.211864
0 0.438298 0.478814 0.114894 0.110169
0 0.365957 0.504237 0.076596 0.080508
0 0.570213 0.618644 0.110638 0.042373
0 0.429787 0.042373 0.217021 0.440678
0 0.285106 0.144068 0.174468 0.177966
0 0.353191 0.580508 0.127660 0.114407
0 0.476596 0.631356 0.331915 0.207627
0 0.289362 0.216102 0.157447 0.288136
0 0.242553 0.694915 0.182979 0.254237
0 0.493617 0.521186 0.323404 0.118644
