0 0.424479 0.297450 0.091146 0.087819
0 0.625000 0.107649 0.343750 0.354108
0 0.572917 0.501416 0.132812 0.144476
0 0.692708 0.518414 0.226562 0.135977
0 0.424479 0.475921 0.111979 0.104816
0 0.223958 0.484419 0.239583 0.107649
0 0.453125 0.583569 0.072917 0.062323
0 0.518229 0.490085 0.067708 0.099150
0 0.221354 0.178470 0.203125 0.186969
0 0.617188 0.152975 0.330729 0.288952
0 0.630208 0.643059 0.250000 0.322946
0 0.401042 0.566572 0.143229 0.317280
0 0.393229 0.362606 0.148438 0.130312
0 0.208333 0.569405 0.283854 0.354108
0 0.604167 0.226629 0.117188 0.203966
0 0.026042 0.390935 0.419271 0.178470
0 0.536458 0.430595 0.096354 0.065156
0 0.299479 0.028329 0.252604 0.407932
