0 0.512255 0.445652 0.090686 0.135870
0 0.428922 0.586957 0.085784 0.084239
0 0.223039 0.592391 0.203431 0.135870
0 0.600490 0.225543 0.272059 0.266304
0 0.024510 0.426630 0.419118 0.187500
0 0.394608 0.027174 0.154412 0.510870
0 0.507353 0.432065 0.056373 0.062500
0 0.615196 0.687500 0.218137 0.347826
0 0.598039 0.529891 0.250000 0.157609
0 0.509804 0.622283 0.102941 0.133152
0 0.507353 0.728261 0.085784 0.086957
0 0.252451 0.211957 0.142157 0.211957
0 0.301471 0.413043 0.191176 0.165761
0 0.492647 0.540761 0.036765 0.048913
0 0.568627 0.611413 0.029412 0.013587
0 0.500000 0.573370 0.098039 0.059783
0 0.352941 0.785326 0.169118 0.290761
0 0.235294 0.671196 0.247549 0.315217
