0 0.490000 0.033241 0.142500 0.340720
0 0.407500 0.481994 0.140000 0.108033
0 0.515000 0.445983 0.045000 0.069252
0 0.430000 0.559557 0.115000 0.146814
0 0.632500 0.027701 0.267500 0.407202
0 0.025000 0.307479 0.495000 0.188366
0 0.360000 0.155125 0.190000 0.293629
0 0.575000 0.581717 0.140000 0.288089
0 0.600000 0.260388 0.102500 0.135734
0 0.600000 0.545706 0.370000 0.365651
0 0.590000 0.451524 0.200000 0.144044
0 0.380000 0.390582 0.142500 0.099723
0 0.535000 0.512465 0.070000 0.074792
0 0.372500 0.576177 0.190000 0.390582
0 0.690000 0.249307 0.270000 0.202216
0 0.242500 0.590028 0.247500 0.235457
0 0.550000 0.368421 0.082500 0.146814
