0 0.570552 0.311953 0.300613 0.169096
0 0.561350 0.422741 0.162577 0.102041
0 0.512270 0.507289 0.073620 0.061224
0 0.236196 0.311953 0.254601 0.183673
0 0.555215 0.571429 0.202454 0.215743
0 0.552147 0.504373 0.463190 0.180758
0 0.500000 0.323615 0.067485 0.104956
0 0.555215 0.169096 0.306748 0.268222
0 0.297546 0.029155 0.202454 0.457726
0 0.205521 0.638484 0.248466 0.276968
0 0.174847 0.370262 0.309816 0.145773
0 0.500000 0.431487 0.076687 0.075802
0 0.484663 0.486880 0.036810 0.049563
0 0.564417 0.571429 0.131902 0.154519
0 0.334356 0.533528 0.156442 0.116618
0 0.030675 0.518950 0.453988 0.230321
0 0.447853 0.536443 0.085890 0.119534
