0 0.000000 0.000000 0.907407 1.000000
0 0.000000 0.000000 0.907407 1.000000
0 0.000000 0.000000 0.907407 1.000000
0 0.051852 0.617886 0.300000 0.357724
0 0.466667 0.601626 0.322222 0.280488
0 0.037037 0.471545 0.340741 0.186992
0 0.333333 0.439024 0.092593 0.113821
0 0.048148 0.097561 0.651852 0.410569
0 0.048148 0.097561 0.651852 0.410569
0 0.292593 0.040650 0.192593 0.398374
0 0.181481 0.369919 0.148148 0.138211
0 0.062963 0.565041 0.311111 0.130081
0 0.400000 0.686992 0.155556 0.361789
0 0.351852 0.520325 0.118519 0.170732
0 0.351852 0.520325 0.118519 0.170732
