0 0.000000 0.000000 0.992933 1.000000
0 0.000000 0.000000 0.992933 1.000000
0 0.000000 0.000000 0.992933 1.000000
0 0.561837 0.283688 0.325088 0.173759
0 0.190813 0.365248 0.268551 0.124113
0 0.325088 0.521277 0.187279 0.241135
0 0.593640 0.574468 0.095406 0.099291
0 0.035336 0.290780 0.512367 0.404255
0 0.035336 0.290780 0.512367 0.404255
0 0.346290 0.035461 0.176678 0.251773
0 0.427562 0.429078 0.137809 0.106383
0 0.537102 0.063830 0.197880 0.365248
0 0.102473 0.170213 0.363958 0.265957
0 0.519435 0.457447 0.173145 0.503546
0 0.519435 0.457447 0.173145 0.503546
