0 0.288509 0.183133 0.242054 0.274699
0 0.562347 0.474699 0.075795 0.069880
0 0.320293 0.566265 0.139364 0.130120
0 0.618582 0.392771 0.366748 0.139759
0 0.330073 0.554217 0.232274 0.402410
0 0.611247 0.277108 0.266504 0.171084
0 0.569682 0.274699 0.088020 0.120482
0 0.540342 0.501205 0.034230 0.050602
0 0.141809 0.595181 0.334963 0.260241
0 0.024450 0.404819 0.501222 0.171084
0 0.635697 0.493976 0.232274 0.137349
0 0.442543 0.506024 0.097800 0.089157
0 0.608802 0.542169 0.288509 0.361446
0 0.523227 0.392771 0.085575 0.093976
0 0.229829 0.380723 0.271394 0.127711
0 0.430318 0.024096 0.146699 0.378313
0 0.518337 0.544578 0.097800 0.190361
0 0.503667 0.460241 0.058680 0.048193
0 0.643032 0.592771 0.061125 0.065060
