0 0.336032 0.041322 0.186235 0.334711
0 0.591093 0.384298 0.089069 0.074380
0 0.477733 0.376033 0.109312 0.099174
0 0.372470 0.537190 0.182186 0.433884
0 0.153846 0.318182 0.125506 0.136364
0 0.182186 0.334711 0.299595 0.173554
0 0.566802 0.413223 0.076923 0.107438
0 0.635628 0.495868 0.230769 0.359504
0 0.040486 0.475207 0.437247 0.210744
0 0.607287 0.516529 0.076923 0.185950
0 0.497976 0.165289 0.076923 0.214876
0 0.550607 0.161157 0.133603 0.235537
0 0.437247 0.471074 0.141700 0.128099
0 0.684211 0.276860 0.246964 0.177686
0 0.489879 0.528926 0.121457 0.314050
