0 0.628809 0.214646 0.365651 0.224747
0 0.562327 0.396465 0.060942 0.073232
0 0.612188 0.345960 0.063712 0.063131
0 0.047091 0.494949 0.243767 0.161616
0 0.321330 0.310606 0.210526 0.148990
0 0.684211 0.477273 0.207756 0.131313
0 0.313019 0.025253 0.213296 0.323232
0 0.623269 0.520202 0.271468 0.328283
0 0.520776 0.449495 0.080332 0.103535
0 0.207756 0.545455 0.329640 0.318182
0 0.684211 0.297980 0.379501 0.171717
0 0.462604 0.351010 0.099723 0.101010
0 0.570637 0.530303 0.130194 0.272727
0 0.529086 0.093434 0.157895 0.300505
0 0.595568 0.434343 0.096953 0.095960
0 0.454294 0.550505 0.105263 0.143939
0 0.506925 0.704545 0.146814 0.176768
0 0.027701 0.325758 0.504155 0.181818
0 0.288089 0.477273 0.232687 0.133838
