0 0.448980 0.532203 0.119048 0.183051
0 0.095238 0.545763 0.363946 0.410169
0 0.500000 0.247458 0.193878 0.250847
0 0.227891 0.545763 0.221088 0.101695
0 0.387755 0.379661 0.122449 0.145763
0 0.517007 0.542373 0.139456 0.077966
0 0.476190 0.481356 0.129252 0.064407
0 0.095238 0.118644 0.221088 0.261017
0 0.302721 0.033898 0.197279 0.349153
0 0.282313 0.376271 0.108844 0.108475
0 0.663265 0.277966 0.095238 0.135593
0 0.503401 0.542373 0.435374 0.325424
0 0.476190 0.708475 0.146259 0.240678
0 0.605442 0.450847 0.357143 0.172881
0 0.034014 0.454237 0.438776 0.183051
