0 0.640964 0.382927 0.318072 0.143902
0 0.501205 0.453659 0.060241 0.053659
0 0.537349 0.490244 0.045783 0.082927
0 0.537349 0.353659 0.093976 0.134146
0 0.332530 0.570732 0.228916 0.412195
0 0.024096 0.407317 0.508434 0.163415
0 0.648193 0.597561 0.057831 0.065854
0 0.202410 0.365854 0.298795 0.143902
0 0.530120 0.560976 0.122892 0.214634
0 0.667470 0.500000 0.202410 0.139024
0 0.291566 0.175610 0.231325 0.278049
0 0.628916 0.265854 0.255422 0.175610
0 0.325301 0.568293 0.137349 0.129268
0 0.134940 0.548780 0.400000 0.334146
0 0.578313 0.278049 0.086747 0.087805
0 0.578313 0.480488 0.089157 0.078049
0 0.621687 0.560976 0.279518 0.360976
0 0.402410 0.024390 0.149398 0.382927
0 0.419277 0.517073 0.115663 0.097561
