0 0.584848 0.439883 0.287879 0.137830
0 0.239394 0.536657 0.190909 0.117302
0 0.569697 0.114370 0.269697 0.366569
0 0.521212 0.475073 0.063636 0.067449
0 0.518182 0.580645 0.093939 0.085044
0 0.472727 0.545455 0.045455 0.052786
0 0.545455 0.536657 0.036364 0.041056
0 0.581818 0.498534 0.084848 0.049853
0 0.424242 0.548387 0.054545 0.038123
0 0.263636 0.184751 0.157576 0.240469
0 0.512121 0.539589 0.033333 0.046921
0 0.512121 0.346041 0.103030 0.131965
0 0.430303 0.665689 0.172727 0.266862
0 0.612121 0.615836 0.384848 0.307918
0 0.348485 0.422287 0.160606 0.126100
0 0.512121 0.668622 0.103030 0.114370
0 0.263636 0.601173 0.242424 0.281525
0 0.412121 0.029326 0.169697 0.486804
0 0.030303 0.310850 0.363636 0.219941
