0 0.000000 0.000000 0.976190 1.000000
0 0.000000 0.000000 0.976190 1.000000
0 0.394558 0.506944 0.149660 0.395833
0 0.568027 0.263889 0.299320 0.180556
0 0.282313 0.520833 0.207483 0.274306
0 0.632653 0.468750 0.306122 0.284722
0 0.034014 0.461806 0.642857 0.239583
0 0.034014 0.461806 0.642857 0.239583
0 0.190476 0.343750 0.204082 0.128472
0 0.401361 0.232639 0.136054 0.184028
0 0.346939 0.034722 0.173469 0.215278
0 0.057823 0.190972 0.384354 0.222222
0 0.384354 0.402778 0.265306 0.576389
0 0.384354 0.402778 0.265306 0.576389
