0 0.390887 0.026385 0.167866 0.445910
0 0.477218 0.525066 0.057554 0.058047
0 0.196643 0.672823 0.232614 0.292876
0 0.460432 0.646438 0.146283 0.321900
0 0.199041 0.277045 0.304556 0.245383
0 0.621103 0.667546 0.318945 0.255937
0 0.676259 0.385224 0.294964 0.192612
0 0.606715 0.213720 0.292566 0.308707
0 0.390887 0.554090 0.127098 0.121372
0 0.513189 0.559367 0.050360 0.089710
0 0.558753 0.551451 0.127098 0.113456
0 0.517986 0.453826 0.091127 0.113456
0 0.362110 0.295515 0.163070 0.240106
0 0.664269 0.556728 0.069544 0.092348
0 0.527578 0.248021 0.122302 0.203166
0 0.023981 0.416887 0.450839 0.171504
