0 0.491758 0.029070 0.192308 0.377907
0 0.189560 0.165698 0.233516 0.299419
0 0.280220 0.453488 0.090659 0.066860
0 0.403846 0.191860 0.098901 0.284884
0 0.258242 0.590116 0.184066 0.281977
0 0.304945 0.174419 0.140110 0.290698
0 0.516484 0.590116 0.063187 0.098837
0 0.398352 0.543605 0.071429 0.287791
0 0.645604 0.343023 0.266484 0.139535
0 0.027473 0.558140 0.381868 0.191860
0 0.472527 0.354651 0.173077 0.156977
0 0.472527 0.514535 0.085165 0.081395
0 0.543956 0.505814 0.189560 0.110465
0 0.365385 0.459302 0.112637 0.101744
0 0.631868 0.616279 0.233516 0.215116
0 0.510989 0.598837 0.214286 0.424419
