0 0.000000 0.000000 0.986175 1.000000
0 0.000000 0.000000 0.986175 1.000000
0 0.000000 0.000000 0.986175 1.000000
0 0.000000 0.000000 0.986175 1.000000
0 0.453917 0.459207 0.064516 0.067599
0 0.493088 0.498834 0.057604 0.102564
0 0.571429 0.582751 0.041475 0.069930
0 0.654378 0.522145 0.168203 0.128205
0 0.596774 0.251748 0.315668 0.659674
0 0.596774 0.251748 0.315668 0.659674
0 0.269585 0.202797 0.205069 0.256410
0 0.156682 0.347319 0.297235 0.158508
0 0.301843 0.592075 0.135945 0.121212
0 0.322581 0.601399 0.205069 0.382284
0 0.612903 0.335664 0.347926 0.170163
0 0.023041 0.407925 0.451613 0.167832
0 0.403226 0.023310 0.152074 0.412587
0 0.341014 0.491841 0.315668 0.170163
0 0.341014 0.491841 0.315668 0.170163
