0 0.653226 0.218225 0.362903 0.230216
0 0.639785 0.347722 0.059140 0.052758
0 0.317204 0.023981 0.239247 0.330935
0 0.540323 0.453237 0.094086 0.117506
0 0.583333 0.383693 0.086022 0.091127
0 0.352151 0.314149 0.120968 0.112710
0 0.290323 0.491607 0.255376 0.143885
0 0.462366 0.345324 0.123656 0.112710
0 0.744624 0.477218 0.166667 0.124700
0 0.629032 0.517986 0.282258 0.328537
0 0.720430 0.323741 0.368280 0.158273
0 0.637097 0.436451 0.110215 0.103118
0 0.086022 0.498801 0.220430 0.155875
0 0.567204 0.081535 0.163978 0.304556
0 0.567204 0.544365 0.145161 0.261391
0 0.478495 0.570743 0.110215 0.110312
0 0.231183 0.551559 0.317204 0.297362
0 0.026882 0.328537 0.516129 0.189448
0 0.526882 0.709832 0.145161 0.153477
