0 0.325228 0.550432 0.179331 0.273775
0 0.562310 0.317003 0.124620 0.146974
0 0.030395 0.273775 0.486322 0.193084
0 0.449848 0.466859 0.097264 0.083573
0 0.550152 0.492795 0.072948 0.074928
0 0.440729 0.530259 0.112462 0.184438
0 0.541033 0.536023 0.185410 0.429395
0 0.571429 0.417867 0.145897 0.089337
0 0.352584 0.472622 0.097264 0.066282
0 0.550152 0.028818 0.243161 0.423631
0 0.170213 0.524496 0.282675 0.305476
0 0.528875 0.492795 0.042553 0.040346
0 0.401216 0.167147 0.136778 0.293948
0 0.537994 0.452450 0.033435 0.040346
0 0.689970 0.195965 0.273556 0.221902
0 0.620061 0.536023 0.267477 0.193084
0 0.334347 0.190202 0.200608 0.279539
