0 0.000000 0.000000 1.000000 0.981873
0 0.000000 0.000000 1.000000 0.981873
0 0.266871 0.030211 0.208589 0.480363
0 0.509202 0.628399 0.036810 0.072508
0 0.174847 0.486405 0.273006 0.105740
0 0.435583 0.356495 0.039877 0.063444
0 0.404908 0.462236 0.073620 0.060423
0 0.190184 0.531722 0.282209 0.416918
0 0.190184 0.531722 0.282209 0.416918
0 0.484663 0.507553 0.276074 0.111782
0 0.030675 0.250755 0.371166 0.247734
0 0.095092 0.586103 0.319018 0.311178
0 0.414110 0.525680 0.073620 0.105740
0 0.426380 0.163142 0.552147 0.483384
0 0.426380 0.163142 0.552147 0.483384
