0 0.469169 0.398438 0.050938 0.059896
0 0.560322 0.549479 0.120643 0.109375
0 0.026810 0.210938 0.383378 0.250000
0 0.383378 0.309896 0.085791 0.132812
0 0.463807 0.052083 0.163539 0.390625
0 0.316354 0.302083 0.077748 0.093750
0 0.356568 0.609375 0.166220 0.330729
0 0.445040 0.476562 0.093834 0.156250
0 0.597855 0.325521 0.399464 0.179688
0 0.509383 0.213542 0.182306 0.184896
0 0.091153 0.518229 0.345845 0.354167
0 0.487936 0.434896 0.115282 0.065104
0 0.525469 0.505208 0.369973 0.276042
0 0.399464 0.440104 0.088472 0.075521
0 0.077748 0.408854 0.319035 0.140625
0 0.142091 0.494792 0.262735 0.085938
0 0.268097 0.026042 0.136729 0.281250
