0 0.640110 0.340782 0.310440 0.178771
0 0.673077 0.533520 0.206044 0.148045
0 0.585165 0.508380 0.096154 0.089385
0 0.601648 0.592179 0.222527 0.290503
0 0.535714 0.592179 0.120879 0.231844
0 0.027473 0.533520 0.337912 0.178771
0 0.271978 0.027933 0.247253 0.413408
0 0.549451 0.474860 0.049451 0.069832
0 0.483516 0.444134 0.065934 0.094972
0 0.206044 0.600559 0.326923 0.332402
0 0.315934 0.363128 0.222527 0.187151
0 0.046703 0.340782 0.480769 0.212291
0 0.486264 0.790503 0.148352 0.192737
0 0.510989 0.203911 0.140110 0.273743
0 0.609890 0.231844 0.315934 0.276536
0 0.442308 0.611732 0.112637 0.181564
0 0.521978 0.536313 0.068681 0.072626
0 0.351648 0.544693 0.170330 0.131285
0 0.587912 0.402235 0.076923 0.108939
