0 0.000000 0.000000 0.946809 1.000000
0 0.000000 0.000000 0.946809 1.000000
0 0.000000 0.000000 0.946809 1.000000
0 0.460993 0.302239 0.170213 0.223881
0 0.517730 0.611940 0.368794 0.276119
0 0.535461 0.473881 0.372340 0.175373
0 0.496454 0.582090 0.124113 0.082090
0 0.382979 0.429104 0.212766 0.578358
0 0.382979 0.429104 0.212766 0.578358
0 0.404255 0.570896 0.124113 0.141791
0 0.322695 0.037313 0.187943 0.391791
0 0.035461 0.503731 0.397163 0.179104
0 0.602837 0.287313 0.134752 0.160448
0 0.102837 0.134328 0.429078 0.447761
0 0.102837 0.134328 0.429078 0.447761
