0 0.000000 0.000000 1.000000 0.896175
0 0.000000 0.000000 1.000000 0.896175
0 0.000000 0.000000 1.000000 0.896175
0 0.000000 0.000000 1.000000 0.896175
0 0.471125 0.459016 0.094225 0.060109
0 0.598784 0.092896 0.303951 0.311475
0 0.610942 0.568306 0.106383 0.101093
0 0.458967 0.502732 0.106383 0.147541
0 0.209726 0.379781 0.297872 0.226776
0 0.209726 0.379781 0.297872 0.226776
0 0.568389 0.374317 0.303951 0.103825
0 0.568389 0.467213 0.507599 0.166667
0 0.559271 0.486339 0.106383 0.076503
0 0.303951 0.027322 0.203647 0.379781
0 0.601824 0.557377 0.148936 0.292350
0 0.188450 0.265027 0.319149 0.601093
0 0.188450 0.265027 0.319149 0.601093
