0 0.636364 0.391076 0.155502 0.128609
0 0.545455 0.545932 0.172249 0.202100
0 0.251196 0.060367 0.270335 0.422572
0 0.413876 0.496063 0.110048 0.097113
0 0.502392 0.464567 0.131579 0.083990
0 0.497608 0.543307 0.088517 0.199475
0 0.023923 0.480315 0.394737 0.173228
0 0.504785 0.254593 0.100478 0.215223
0 0.284689 0.585302 0.131579 0.125984
0 0.528708 0.545932 0.251196 0.422572
0 0.208134 0.194226 0.301435 0.299213
0 0.571770 0.212598 0.284689 0.254593
0 0.583732 0.026247 0.153110 0.312336
0 0.291866 0.569554 0.212919 0.396325
0 0.586124 0.511811 0.385167 0.149606
0 0.260766 0.312336 0.236842 0.181102
