0 0.000000 0.000000 0.873656 1.000000
0 0.000000 0.000000 0.873656 1.000000
0 0.000000 0.000000 0.873656 1.000000
0 0.000000 0.000000 0.873656 1.000000
0 0.115591 0.861963 0.150538 0.242331
0 0.408602 0.269939 0.123656 0.269939
0 0.416667 0.564417 0.056452 0.067485
0 0.147849 0.223926 0.177419 0.239264
0 0.198925 0.656442 0.645161 0.380368
0 0.198925 0.656442 0.645161 0.380368
0 0.465054 0.457055 0.233871 0.144172
0 0.309140 0.463190 0.104839 0.125767
0 0.486559 0.279141 0.354839 0.257669
0 0.430108 0.616564 0.094086 0.122699
0 0.387097 0.030675 0.177419 0.503067
0 0.026882 0.312883 0.416667 0.374233
0 0.026882 0.312883 0.416667 0.374233
