0 0.588415 0.105850 0.326220 0.295265
0 0.551829 0.467967 0.051829 0.047354
0 0.463415 0.512535 0.103659 0.136490
0 0.030488 0.506964 0.451220 0.217270
0 0.204268 0.370474 0.301829 0.108635
0 0.515244 0.378830 0.091463 0.100279
0 0.591463 0.373259 0.210366 0.119777
0 0.600610 0.476323 0.457317 0.175487
0 0.582317 0.284123 0.314024 0.178273
0 0.213415 0.295265 0.307927 0.181058
0 0.567073 0.501393 0.076220 0.066852
0 0.603659 0.579387 0.115854 0.108635
0 0.310976 0.027855 0.219512 0.445682
0 0.530488 0.317549 0.064024 0.064067
0 0.225610 0.618384 0.240854 0.261838
0 0.594512 0.557103 0.198171 0.306407
0 0.478659 0.473538 0.070122 0.047354
0 0.362805 0.518106 0.143293 0.103064
