0 0.481159 0.389381 0.121739 0.109145
0 0.028986 0.418879 0.388406 0.162242
0 0.359420 0.507375 0.168116 0.474926
0 0.284058 0.368732 0.095652 0.091445
0 0.081159 0.091445 0.350725 0.318584
0 0.440580 0.115044 0.124638 0.333333
0 0.342029 0.480826 0.118841 0.182891
0 0.605797 0.309735 0.342029 0.185841
0 0.486957 0.029499 0.263768 0.395280
0 0.495652 0.483776 0.266667 0.333333
0 0.559420 0.451327 0.095652 0.094395
0 0.365217 0.404130 0.089855 0.067847
0 0.107246 0.572271 0.237681 0.203540
0 0.437681 0.439528 0.055072 0.073746
0 0.492754 0.501475 0.098551 0.244838
0 0.318841 0.159292 0.156522 0.286136
