0 0.666667 0.220657 0.354667 0.223005
0 0.629333 0.476526 0.048000 0.070423
0 0.762667 0.474178 0.152000 0.119718
0 0.533333 0.450704 0.088000 0.058685
0 0.576000 0.086854 0.176000 0.281690
0 0.330667 0.023474 0.250667 0.363850
0 0.357333 0.309859 0.106667 0.107981
0 0.528000 0.685446 0.120000 0.166667
0 0.674667 0.525822 0.253333 0.321596
0 0.549333 0.483568 0.096000 0.103286
0 0.760000 0.328638 0.344000 0.152582
0 0.642667 0.431925 0.152000 0.103286
0 0.600000 0.551643 0.149333 0.274648
0 0.093333 0.495305 0.216000 0.157277
0 0.589333 0.345070 0.106667 0.136150
0 0.224000 0.539906 0.325333 0.295775
0 0.450667 0.314554 0.136000 0.138498
0 0.482667 0.572770 0.104000 0.096244
0 0.026667 0.326291 0.514667 0.183099
0 0.266667 0.476526 0.280000 0.145540
