0 0.403226 0.437500 0.064516 0.088542
0 0.448925 0.575521 0.080645 0.054688
0 0.026882 0.200521 0.384409 0.270833
0 0.526882 0.505208 0.368280 0.265625
0 0.526882 0.523438 0.147849 0.138021
0 0.465054 0.062500 0.163978 0.369792
0 0.362903 0.614583 0.163978 0.322917
0 0.440860 0.468750 0.091398 0.132812
0 0.572581 0.333333 0.427419 0.174479
0 0.497312 0.229167 0.174731 0.187500
0 0.083333 0.528646 0.341398 0.343750
0 0.306452 0.304688 0.279570 0.192708
0 0.381720 0.335938 0.088710 0.109375
0 0.462366 0.416667 0.043011 0.052083
0 0.077957 0.406250 0.322581 0.135417
0 0.134409 0.494792 0.271505 0.088542
0 0.274194 0.026042 0.139785 0.307292
