0 0.000000 0.000000 0.996226 0.996226
0 0.000000 0.000000 0.996226 0.996226
0 0.384906 0.543396 0.173585 0.411321
0 0.573585 0.283019 0.347170 0.196226
0 0.358491 0.513208 0.173585 0.222642
0 0.037736 0.483019 0.445283 0.215094
0 0.445283 0.294340 0.264151 0.392453
0 0.445283 0.294340 0.264151 0.392453
0 0.543396 0.098113 0.177358 0.309434
0 0.460377 0.433962 0.124528 0.075472
0 0.547170 0.456604 0.098113 0.113208
0 0.116981 0.192453 0.350943 0.237736
0 0.181132 0.373585 0.505660 0.573585
0 0.181132 0.373585 0.505660 0.573585
