0 0.363636 0.681115 0.122078 0.275542
0 0.451948 0.591331 0.046753 0.086687
0 0.075325 0.309598 0.381818 0.291022
0 0.179221 0.229102 0.205195 0.269350
0 0.400000 0.681115 0.145455 0.473684
0 0.514286 0.312693 0.179221 0.244582
0 0.345455 0.578947 0.106494 0.095975
0 0.503896 0.582043 0.212987 0.102167
0 0.516883 0.356037 0.262338 0.229102
0 0.602597 0.665635 0.205195 0.303406
0 0.025974 0.674923 0.353247 0.191950
0 0.444156 0.030960 0.166234 0.495356
0 0.264935 0.650155 0.194805 0.294118
0 0.459740 0.507740 0.062338 0.105263
0 0.277922 0.606811 0.088312 0.089783
0 0.363636 0.390093 0.119481 0.182663
0 0.498701 0.616099 0.101299 0.133127
