0 0.454545 0.725738 0.169421 0.244726
0 0.566116 0.341772 0.103306 0.135021
0 0.582645 0.599156 0.144628 0.210970
0 0.574380 0.493671 0.061983 0.109705
0 0.239669 0.206751 0.252066 0.244726
0 0.504132 0.227848 0.136364 0.156118
0 0.491736 0.552743 0.099174 0.071730
0 0.309917 0.599156 0.231405 0.177215
0 0.611570 0.350211 0.318182 0.185654
0 0.429752 0.455696 0.144628 0.109705
0 0.342975 0.616034 0.235537 0.248945
0 0.264463 0.042194 0.318182 0.451477
0 0.632231 0.531646 0.144628 0.189873
0 0.041322 0.426160 0.429752 0.189873
0 0.615702 0.126582 0.119835 0.227848
