0 0.000000 0.000000 0.914706 1.000000
0 0.000000 0.000000 0.914706 1.000000
0 0.000000 0.000000 0.914706 1.000000
0 0.555882 0.125000 0.170588 0.237179
0 0.491176 0.551282 0.038235 0.051282
0 0.029412 0.519231 0.332353 0.208333
0 0.241176 0.666667 0.220588 0.384615
0 0.367647 0.490385 0.244118 0.201923
0 0.367647 0.490385 0.244118 0.201923
0 0.435294 0.483974 0.091176 0.080128
0 0.550000 0.221154 0.291176 0.269231
0 0.608824 0.461538 0.079412 0.096154
0 0.276471 0.032051 0.208824 0.448718
0 0.529412 0.576923 0.179412 0.275641
0 0.323529 0.580128 0.085294 0.115385
0 0.247059 0.320513 0.635294 0.583333
0 0.247059 0.320513 0.635294 0.583333
