0 0.457883 0.387850 0.140389 0.142523
0 0.498920 0.492991 0.138229 0.060748
0 0.326134 0.504673 0.099352 0.084112
0 0.408207 0.490654 0.047516 0.053738
0 0.315335 0.056075 0.144708 0.432243
0 0.421166 0.528037 0.105832 0.107477
0 0.021598 0.214953 0.388769 0.292056
0 0.332613 0.581776 0.123110 0.193925
0 0.492441 0.514019 0.315335 0.175234
0 0.144708 0.668224 0.192225 0.259346
0 0.406048 0.593458 0.157667 0.460280
0 0.442765 0.023364 0.200864 0.471963
0 0.522678 0.628505 0.172786 0.235981
0 0.580994 0.383178 0.317495 0.168224
0 0.490281 0.280374 0.123110 0.130841
0 0.285097 0.278037 0.140389 0.217290
0 0.164147 0.446262 0.170626 0.123832
0 0.045356 0.551402 0.287257 0.168224
