0 0.509506 0.390977 0.125475 0.101504
0 0.486692 0.530075 0.159696 0.304511
0 0.513308 0.462406 0.057034 0.063910
0 0.205323 0.210526 0.307985 0.270677
0 0.612167 0.563910 0.144487 0.172932
0 0.615970 0.447368 0.167300 0.090226
0 0.368821 0.225564 0.144487 0.233083
0 0.384030 0.488722 0.155894 0.116541
0 0.627376 0.248120 0.277567 0.165414
0 0.353612 0.406015 0.129278 0.090226
0 0.038023 0.601504 0.422053 0.342105
0 0.555133 0.496241 0.079848 0.071429
0 0.494297 0.037594 0.178707 0.360902
0 0.129278 0.466165 0.266160 0.135338
0 0.623574 0.503759 0.342205 0.203008
