0 0.000000 0.000000 0.918149 1.000000
0 0.000000 0.000000 0.918149 1.000000
0 0.000000 0.000000 0.918149 1.000000
0 0.000000 0.000000 0.918149 1.000000
0 0.548043 0.471042 0.074733 0.111969
0 0.281139 0.305019 0.281139 0.262548
0 0.637011 0.521236 0.056940 0.042471
0 0.612100 0.274131 0.167260 0.274131
0 0.185053 0.424710 0.693950 0.579151
0 0.185053 0.424710 0.693950 0.579151
0 0.323843 0.451737 0.217082 0.138996
0 0.558719 0.586873 0.081851 0.119691
0 0.491103 0.571429 0.099644 0.073359
0 0.220641 0.038610 0.323843 0.486486
0 0.459075 0.791506 0.153025 0.247104
0 0.035587 0.517375 0.519573 0.362934
0 0.035587 0.517375 0.519573 0.362934
