0 0.396396 0.023474 0.153153 0.401408
0 0.128378 0.199531 0.335586 0.333333
0 0.511261 0.246479 0.195946 0.253521
0 0.094595 0.366197 0.301802 0.161972
0 0.407658 0.732394 0.130631 0.239437
0 0.022523 0.584507 0.382883 0.269953
0 0.466216 0.558685 0.130631 0.098592
0 0.324324 0.563380 0.148649 0.255869
0 0.524775 0.631455 0.117117 0.124413
0 0.400901 0.342723 0.087838 0.187793
0 0.515766 0.633803 0.299550 0.321596
0 0.468468 0.490610 0.060811 0.068075
0 0.524775 0.352113 0.234234 0.159624
0 0.509009 0.415493 0.463964 0.166667
0 0.218468 0.514085 0.153153 0.105634
0 0.358108 0.497653 0.110360 0.089202
