0 0.614865 0.190476 0.192568 0.395604
0 0.557432 0.608059 0.097973 0.131868
0 0.192568 0.036630 0.320946 0.476190
0 0.493243 0.582418 0.081081 0.106227
0 0.297297 0.336996 0.270270 0.245421
0 0.239865 0.428571 0.310811 0.164835
0 0.456081 0.780220 0.158784 0.260073
0 0.625000 0.589744 0.246622 0.223443
0 0.371622 0.706960 0.155405 0.183150
0 0.033784 0.516484 0.456081 0.219780
0 0.175676 0.688645 0.371622 0.351648
0 0.506757 0.322344 0.111486 0.117216
0 0.682432 0.450549 0.199324 0.164835
0 0.567568 0.714286 0.131757 0.131868
0 0.570946 0.553114 0.050676 0.076923
0 0.645270 0.139194 0.118243 0.131868
0 0.635135 0.512821 0.047297 0.062271
0 0.510135 0.413919 0.108108 0.157509
