0 0.516981 0.572016 0.154717 0.255144
0 0.086792 0.596708 0.400000 0.312757
0 0.301887 0.041152 0.203774 0.473251
0 0.313208 0.506173 0.181132 0.115226
0 0.181132 0.547325 0.313208 0.152263
0 0.490566 0.539095 0.045283 0.069959
0 0.037736 0.218107 0.460377 0.333333
0 0.283019 0.609053 0.249057 0.432099
0 0.562264 0.555556 0.139623 0.123457
0 0.452830 0.333333 0.060377 0.156379
0 0.596226 0.477366 0.045283 0.049383
0 0.509434 0.456790 0.086792 0.102881
0 0.581132 0.452675 0.290566 0.238683
0 0.452830 0.098765 0.116981 0.358025
