0 0.469697 0.502551 0.070707 0.102041
0 0.669192 0.528061 0.209596 0.155612
0 0.282828 0.403061 0.141414 0.084184
0 0.472222 0.408163 0.030303 0.048469
0 0.068182 0.168367 0.368687 0.288265
0 0.343434 0.170918 0.148990 0.272959
0 0.237374 0.494898 0.242424 0.415816
0 0.431818 0.446429 0.042929 0.053571
0 0.383838 0.576531 0.108586 0.191327
0 0.285354 0.471939 0.181818 0.107143
0 0.472222 0.413265 0.138889 0.091837
0 0.507576 0.500000 0.189394 0.165816
0 0.608586 0.403061 0.083333 0.081633
0 0.507576 0.602041 0.161616 0.377551
0 0.500000 0.025510 0.227273 0.431122
0 0.025253 0.492347 0.267677 0.178571
0 0.611111 0.321429 0.348485 0.155612
