0 0.539548 0.142857 0.169492 0.214286
0 0.268362 0.031056 0.211864 0.487578
0 0.590395 0.468944 0.076271 0.093168
0 0.533898 0.220497 0.307910 0.282609
0 0.412429 0.493789 0.079096 0.080745
0 0.468927 0.316770 0.098870 0.217391
0 0.028249 0.527950 0.302260 0.204969
0 0.516949 0.580745 0.172316 0.273292
0 0.570621 0.583851 0.305085 0.319876
0 0.316384 0.565217 0.158192 0.145963
0 0.237288 0.335404 0.180791 0.170807
0 0.466102 0.562112 0.048023 0.052795
0 0.494350 0.490683 0.112994 0.099379
0 0.084746 0.372671 0.324859 0.177019
0 0.240113 0.673913 0.209040 0.388199
