0 0.602837 0.438944 0.322695 0.165017
0 0.460993 0.442244 0.092199 0.079208
0 0.627660 0.580858 0.127660 0.125413
0 0.482270 0.636964 0.092199 0.069307
0 0.429078 0.310231 0.099291 0.145215
0 0.627660 0.033003 0.329787 0.399340
0 0.531915 0.293729 0.134752 0.191419
0 0.382979 0.462046 0.127660 0.108911
0 0.262411 0.336634 0.216312 0.128713
0 0.507092 0.488449 0.124113 0.141914
0 0.035461 0.425743 0.351064 0.168317
0 0.269504 0.564356 0.187943 0.264026
0 0.482270 0.570957 0.173759 0.389439
0 0.489362 0.125413 0.134752 0.333333
0 0.216312 0.148515 0.273050 0.300330
