0 0.254072 0.345763 0.133550 0.105085
0 0.543974 0.447458 0.117264 0.101695
0 0.055375 0.552542 0.293160 0.233898
0 0.032573 0.420339 0.364821 0.166102
0 0.540717 0.349153 0.381107 0.206780
0 0.348534 0.477966 0.104235 0.128814
0 0.358306 0.230508 0.123779 0.210169
0 0.426710 0.071186 0.143322 0.206780
0 0.384365 0.416949 0.061889 0.047458
0 0.478827 0.061017 0.322476 0.338983
0 0.328990 0.488136 0.188925 0.511864
0 0.462541 0.403390 0.084691 0.091525
0 0.084691 0.033898 0.342020 0.389831
0 0.472313 0.464407 0.221498 0.291525
0 0.469055 0.481356 0.130293 0.298305
0 0.426710 0.444068 0.042345 0.054237
