0 0.000000 0.000000 0.910864 1.000000
0 0.000000 0.000000 0.910864 1.000000
0 0.000000 0.000000 0.910864 1.000000
0 0.534819 0.146341 0.164345 0.216463
0 0.456825 0.551829 0.047354 0.064024
0 0.027855 0.527439 0.428969 0.201220
0 0.239554 0.676829 0.200557 0.381098
0 0.320334 0.567073 0.364903 0.292683
0 0.320334 0.567073 0.364903 0.292683
0 0.398329 0.484756 0.080780 0.073171
0 0.476323 0.487805 0.114206 0.091463
0 0.576602 0.463415 0.083565 0.097561
0 0.515320 0.207317 0.317549 0.298780
0 0.311978 0.609756 0.050139 0.060976
0 0.236769 0.335366 0.643454 0.557927
0 0.236769 0.335366 0.643454 0.557927
