0 0.487889 0.178322 0.055363 0.146853
0 0.391003 0.500000 0.166090 0.409091
0 0.550173 0.451049 0.103806 0.139860
0 0.574394 0.276224 0.307958 0.178322
0 0.197232 0.346154 0.224913 0.129371
0 0.301038 0.520979 0.200692 0.234266
0 0.557093 0.559441 0.124567 0.111888
0 0.415225 0.265734 0.138408 0.157343
0 0.034602 0.482517 0.422145 0.206294
0 0.349481 0.034965 0.183391 0.227273
0 0.404844 0.402098 0.186851 0.115385
0 0.525952 0.087413 0.176471 0.325175
0 0.103806 0.188811 0.342561 0.223776
0 0.498270 0.611888 0.152249 0.356643
0 0.636678 0.468531 0.311419 0.293706
