0 0.000000 0.000000 1.000000 0.959184
0 0.000000 0.000000 1.000000 0.959184
0 0.000000 0.000000 1.000000 0.959184
0 0.559682 0.551020 0.122016 0.114796
0 0.448276 0.071429 0.183024 0.375000
0 0.482759 0.431122 0.132626 0.071429
0 0.363395 0.637755 0.164456 0.293367
0 0.442971 0.484694 0.098143 0.168367
0 0.509284 0.186224 0.498674 0.318878
0 0.509284 0.186224 0.498674 0.318878
0 0.090186 0.528061 0.342175 0.349490
0 0.318302 0.313776 0.076923 0.096939
0 0.522546 0.507653 0.381963 0.301020
0 0.026525 0.221939 0.371353 0.247449
0 0.050398 0.410714 0.342175 0.135204
0 0.137931 0.025510 0.270557 0.561224
0 0.137931 0.025510 0.270557 0.561224
