0 0.000000 0.000000 0.945392 1.000000
0 0.000000 0.000000 0.945392 1.000000
0 0.184300 0.589928 0.225256 0.104317
0 0.508532 0.597122 0.116041 0.075540
0 0.102389 0.151079 0.204778 0.255396
0 0.245734 0.402878 0.139932 0.129496
0 0.382253 0.435252 0.511945 0.474820
0 0.382253 0.435252 0.511945 0.474820
0 0.109215 0.593525 0.320819 0.402878
0 0.034130 0.514388 0.395904 0.176259
0 0.614334 0.305755 0.105802 0.154676
0 0.433447 0.579137 0.112628 0.147482
0 0.450512 0.730216 0.146758 0.280576
0 0.310580 0.035971 0.597270 0.622302
0 0.310580 0.035971 0.597270 0.622302
