0 0.486792 0.464684 0.113208 0.092937
0 0.271698 0.226766 0.154717 0.219331
0 0.343396 0.037175 0.173585 0.394052
0 0.396226 0.527881 0.166038 0.412639
0 0.577358 0.442379 0.392453 0.174721
0 0.094340 0.185874 0.324528 0.267658
0 0.418868 0.427509 0.064151 0.096654
0 0.471698 0.182156 0.192453 0.263941
0 0.037736 0.397770 0.283019 0.171004
0 0.305660 0.468401 0.132075 0.122677
0 0.641509 0.412639 0.158491 0.148699
0 0.305660 0.527881 0.154717 0.338290
0 0.524528 0.553903 0.294340 0.334572
0 0.098113 0.594796 0.275472 0.286245
0 0.637736 0.152416 0.158491 0.211896
