0 0.365385 0.232472 0.126923 0.210332
0 0.211538 0.199262 0.300000 0.284133
0 0.619231 0.258303 0.276923 0.158672
0 0.384615 0.483395 0.150000 0.092251
0 0.319231 0.409594 0.123077 0.077491
0 0.600000 0.549815 0.173077 0.173432
0 0.538462 0.490775 0.076923 0.062731
0 0.515385 0.461255 0.050000 0.059041
0 0.619231 0.446494 0.165385 0.066421
0 0.492308 0.391144 0.130769 0.099631
0 0.038462 0.564576 0.442308 0.350554
0 0.480769 0.527675 0.153846 0.284133
0 0.484615 0.036900 0.188462 0.354244
0 0.119231 0.457565 0.273077 0.132841
0 0.619231 0.498155 0.376923 0.199262
