0 0.000000 0.000000 0.844262 1.000000
0 0.000000 0.000000 0.844262 1.000000
0 0.000000 0.000000 0.844262 1.000000
0 0.000000 0.000000 0.844262 1.000000
0 0.133880 0.400000 0.180328 0.203226
0 0.385246 0.651613 0.057377 0.064516
0 0.027322 0.551613 0.327869 0.174194
0 0.215847 0.787097 0.204918 0.338710
0 0.273224 0.506452 0.502732 0.316129
0 0.273224 0.506452 0.502732 0.316129
0 0.357923 0.409677 0.095628 0.167742
0 0.502732 0.467742 0.278689 0.196774
0 0.420765 0.622581 0.051913 0.064516
0 0.062842 0.716129 0.355191 0.290323
0 0.240437 0.709677 0.112022 0.125806
0 0.284153 0.032258 0.180328 0.564516
0 0.445355 0.735484 0.368852 0.406452
0 0.445355 0.735484 0.368852 0.406452
