0 0.347826 0.040323 0.177866 0.310484
0 0.501976 0.536290 0.134387 0.362903
0 0.588933 0.350806 0.169960 0.145161
0 0.383399 0.528226 0.169960 0.443548
0 0.039526 0.479839 0.474308 0.221774
0 0.134387 0.318548 0.328063 0.181452
0 0.501976 0.165323 0.059289 0.217742
0 0.399209 0.487903 0.146245 0.145161
0 0.604743 0.508065 0.094862 0.197581
0 0.533597 0.439516 0.086957 0.096774
0 0.549407 0.129032 0.154150 0.290323
0 0.458498 0.354839 0.110672 0.129032
0 0.743083 0.274194 0.189723 0.173387
0 0.612648 0.487903 0.280632 0.358871
