0 0.000000 0.000000 1.000000 0.973753
0 0.000000 0.000000 1.000000 0.973753
0 0.000000 0.000000 1.000000 0.973753
0 0.000000 0.000000 1.000000 0.973753
0 0.000000 0.000000 1.000000 0.973753
0 0.580645 0.506562 0.056452 0.062992
0 0.524194 0.346457 0.094086 0.086614
0 0.268817 0.598425 0.241935 0.257218
0 0.443548 0.677165 0.166667 0.267717
0 0.276882 0.194226 0.241935 0.325459
0 0.276882 0.194226 0.241935 0.325459
0 0.623656 0.482940 0.075269 0.036745
0 0.602151 0.097113 0.220430 0.328084
0 0.532258 0.522310 0.053763 0.052493
0 0.634409 0.614173 0.357527 0.325459
0 0.518817 0.493438 0.034946 0.052493
0 0.537634 0.419948 0.083333 0.099738
0 0.282258 0.026247 0.276882 0.603675
0 0.282258 0.026247 0.276882 0.603675
