0 0.604167 0.187500 0.215278 0.345588
0 0.545139 0.544118 0.086806 0.139706
0 0.187500 0.036765 0.340278 0.455882
0 0.486111 0.544118 0.097222 0.091912
0 0.288194 0.316176 0.263889 0.235294
0 0.173611 0.636029 0.368056 0.349265
0 0.461806 0.687500 0.152778 0.327206
0 0.628472 0.573529 0.274306 0.246324
0 0.368056 0.654412 0.149306 0.187500
0 0.034722 0.507353 0.451389 0.202206
0 0.270833 0.415441 0.274306 0.154412
0 0.503472 0.294118 0.131944 0.113971
0 0.680556 0.411765 0.194444 0.165441
0 0.583333 0.672794 0.093750 0.128676
0 0.663194 0.128676 0.138889 0.117647
0 0.631944 0.485294 0.045139 0.044118
0 0.527778 0.411765 0.086806 0.143382
