0 0.511905 0.538860 0.061905 0.064767
0 0.576190 0.575130 0.257143 0.341969
0 0.521429 0.424870 0.119048 0.113990
0 0.483333 0.520725 0.045238 0.044041
0 0.171429 0.155440 0.283333 0.321244
0 0.404762 0.479275 0.078571 0.067358
0 0.595238 0.378238 0.092857 0.080311
0 0.228571 0.556995 0.266667 0.253886
0 0.483333 0.253886 0.090476 0.215026
0 0.604762 0.590674 0.121429 0.134715
0 0.628571 0.466321 0.261905 0.147668
0 0.359524 0.577720 0.178571 0.479275
0 0.452381 0.455959 0.073810 0.067358
0 0.385714 0.562176 0.116667 0.176166
0 0.538095 0.025907 0.264286 0.443005
0 0.350000 0.194301 0.140476 0.266839
0 0.316667 0.481865 0.078571 0.098446
0 0.023810 0.453368 0.390476 0.163212
