0 0.182857 0.647249 0.328571 0.446602
0 0.377143 0.585761 0.145714 0.122977
0 0.191429 0.032362 0.240000 0.381877
0 0.274286 0.339806 0.200000 0.207120
0 0.465714 0.537217 0.065714 0.074434
0 0.028571 0.508091 0.377143 0.210356
0 0.548571 0.592233 0.300000 0.245955
0 0.345714 0.650485 0.157143 0.181230
0 0.405714 0.789644 0.148571 0.233010
0 0.491429 0.608414 0.120000 0.197411
0 0.425714 0.333333 0.137143 0.213592
0 0.520000 0.511327 0.062857 0.093851
0 0.582857 0.152104 0.242857 0.375405
0 0.565714 0.168285 0.140000 0.352751
0 0.585714 0.478964 0.188571 0.148867
0 0.137143 0.385113 0.325714 0.187702
