0 0.227700 0.529412 0.183099 0.089514
0 0.436620 0.363171 0.084507 0.053708
0 0.424883 0.698210 0.133803 0.271100
0 0.488263 0.554987 0.065728 0.079284
0 0.511737 0.401535 0.197183 0.135550
0 0.429577 0.404092 0.065728 0.122762
0 0.528169 0.398977 0.443662 0.181586
0 0.152582 0.375959 0.262911 0.156010
0 0.370892 0.572890 0.115023 0.163683
0 0.415493 0.025575 0.150235 0.488491
0 0.471831 0.516624 0.044601 0.058824
0 0.335681 0.639386 0.053991 0.097187
0 0.023474 0.572890 0.417840 0.294118
0 0.509390 0.240409 0.227700 0.286445
0 0.138498 0.181586 0.338028 0.350384
0 0.528169 0.634271 0.295775 0.301790
0 0.535211 0.649616 0.117371 0.130435
0 0.410798 0.491049 0.065728 0.081841
