0 0.031056 0.212838 0.354037 0.277027
0 0.487578 0.445946 0.111801 0.118243
0 0.521739 0.550676 0.139752 0.138514
0 0.279503 0.510135 0.083851 0.118243
0 0.360248 0.202703 0.149068 0.317568
0 0.260870 0.293919 0.232919 0.246622
0 0.440994 0.638514 0.043478 0.040541
0 0.145963 0.631757 0.341615 0.287162
0 0.540373 0.206081 0.422360 0.371622
0 0.381988 0.682432 0.142857 0.195946
0 0.313665 0.489865 0.155280 0.121622
0 0.633540 0.564189 0.080745 0.121622
0 0.111801 0.621622 0.357143 0.192568
0 0.506211 0.638514 0.204969 0.320946
0 0.456522 0.543919 0.080745 0.084459
0 0.677019 0.459459 0.229814 0.158784
0 0.450311 0.033784 0.186335 0.418919
0 0.605590 0.368243 0.127329 0.155405
