0 0.000000 0.000000 0.909535 1.000000
0 0.000000 0.000000 0.909535 1.000000
0 0.000000 0.000000 0.909535 1.000000
0 0.613692 0.209115 0.268949 0.257373
0 0.024450 0.415550 0.408313 0.184987
0 0.513447 0.729223 0.085575 0.072386
0 0.224939 0.573727 0.193154 0.136729
0 0.508557 0.605898 0.107579 0.147453
0 0.273839 0.399464 0.246944 0.257373
0 0.273839 0.399464 0.246944 0.257373
0 0.616137 0.678284 0.229829 0.335121
0 0.251834 0.206434 0.141809 0.201072
0 0.488998 0.520107 0.044010 0.061662
0 0.596577 0.504021 0.281174 0.155496
0 0.506112 0.418231 0.036675 0.053619
0 0.217604 0.565684 0.378973 0.426273
0 0.217604 0.565684 0.378973 0.426273
