0 0.368910 0.533333 0.143852 0.102381
0 0.234339 0.307143 0.264501 0.230952
0 0.549884 0.190476 0.329466 0.345238
0 0.023202 0.397619 0.401392 0.169048
0 0.276102 0.197619 0.229698 0.338095
0 0.482599 0.461905 0.055684 0.066667
0 0.505800 0.402381 0.034803 0.073810
0 0.512761 0.552381 0.044084 0.047619
0 0.624130 0.490476 0.132251 0.052381
0 0.549884 0.578571 0.280742 0.392857
0 0.626450 0.480952 0.320186 0.159524
0 0.141531 0.571429 0.371230 0.314286
0 0.501160 0.511905 0.048724 0.047619
0 0.549884 0.528571 0.074246 0.059524
0 0.529002 0.340476 0.125290 0.176190
0 0.243619 0.530952 0.125290 0.126190
0 0.348028 0.023810 0.162413 0.435714
0 0.512761 0.595238 0.127610 0.188095
0 0.348028 0.602381 0.180974 0.395238
