0 0.156909 0.636139 0.323185 0.284653
0 0.505855 0.415842 0.025761 0.064356
0 0.484778 0.492574 0.049180 0.056931
0 0.622951 0.202970 0.255269 0.245050
0 0.236534 0.551980 0.156909 0.126238
0 0.262295 0.212871 0.241218 0.344059
0 0.241218 0.339109 0.262295 0.225248
0 0.510539 0.566832 0.032787 0.032178
0 0.599532 0.504950 0.135831 0.054455
0 0.505855 0.532178 0.039813 0.039604
0 0.599532 0.497525 0.318501 0.153465
0 0.393443 0.549505 0.119438 0.091584
0 0.540984 0.584158 0.288056 0.415842
0 0.543326 0.544554 0.056206 0.049505
0 0.515222 0.398515 0.110070 0.141089
0 0.023419 0.410891 0.400468 0.173267
0 0.358314 0.024752 0.154567 0.465347
0 0.508197 0.601485 0.110070 0.168317
0 0.351288 0.596535 0.177986 0.430693
