0 0.586626 0.169435 0.273556 0.345515
0 0.161094 0.378738 0.303951 0.179402
0 0.167173 0.631229 0.331307 0.421927
0 0.513678 0.498339 0.091185 0.089701
0 0.270517 0.305648 0.206687 0.222591
0 0.522796 0.677741 0.103343 0.106312
0 0.428571 0.744186 0.145897 0.252492
0 0.565350 0.548173 0.313070 0.235880
0 0.337386 0.664452 0.139818 0.139535
0 0.030395 0.488372 0.395137 0.202658
0 0.495441 0.581395 0.109422 0.162791
0 0.431611 0.355482 0.118541 0.169435
0 0.404255 0.518272 0.127660 0.136213
0 0.188450 0.033223 0.255319 0.342193
0 0.568389 0.149502 0.188450 0.348837
0 0.592705 0.441860 0.209726 0.136213
0 0.468085 0.312292 0.106383 0.106312
