0 0.448029 0.435606 0.028674 0.049242
0 0.415771 0.443182 0.035842 0.049242
0 0.501792 0.503788 0.164875 0.185606
0 0.369176 0.268939 0.136201 0.170455
0 0.491039 0.087121 0.293907 0.340909
0 0.035842 0.549242 0.347670 0.276515
0 0.254480 0.348485 0.161290 0.113636
0 0.089606 0.037879 0.354839 0.401515
0 0.082437 0.435606 0.336918 0.166667
0 0.544803 0.386364 0.358423 0.219697
0 0.448029 0.049242 0.150538 0.280303
0 0.544803 0.458333 0.132616 0.109848
0 0.387097 0.484848 0.093190 0.113636
0 0.315412 0.571970 0.200717 0.439394
0 0.473118 0.420455 0.071685 0.083333
0 0.483871 0.500000 0.161290 0.329545
