0 0.000000 0.000000 1.000000 0.977556
0 0.000000 0.000000 1.000000 0.977556
0 0.000000 0.000000 1.000000 0.977556
0 0.371501 0.319202 0.094148 0.129676
0 0.455471 0.059850 0.137405 0.399002
0 0.371501 0.660848 0.162850 0.289277
0 0.025445 0.379052 0.361323 0.157107
0 0.498728 0.144638 0.491094 0.326683
0 0.498728 0.144638 0.491094 0.326683
0 0.091603 0.533666 0.333333 0.344140
0 0.488550 0.436409 0.147583 0.079800
0 0.320611 0.316708 0.058524 0.084788
0 0.541985 0.528678 0.361323 0.301746
0 0.379135 0.451372 0.111959 0.079800
0 0.445293 0.488778 0.096692 0.179551
0 0.137405 0.024938 0.262087 0.563591
0 0.137405 0.024938 0.262087 0.563591
