0 0.374429 0.494062 0.095890 0.087886
0 0.484018 0.546318 0.084475 0.092637
0 0.022831 0.581948 0.388128 0.277910
0 0.107306 0.346793 0.296804 0.175772
0 0.408676 0.377672 0.084475 0.140143
0 0.221461 0.517815 0.152968 0.102138
0 0.326484 0.572447 0.139269 0.213777
0 0.477169 0.572447 0.335616 0.384798
0 0.529680 0.420428 0.442922 0.168646
0 0.130137 0.194774 0.292237 0.296912
0 0.408676 0.023753 0.152968 0.420428
0 0.335616 0.634204 0.043379 0.068884
0 0.404110 0.572447 0.132420 0.399050
0 0.525114 0.363420 0.221461 0.156770
0 0.468037 0.491686 0.061644 0.083135
0 0.525114 0.638955 0.118721 0.130641
0 0.456621 0.351544 0.057078 0.068884
0 0.515982 0.251781 0.203196 0.256532
