0 0.156740 0.652632 0.354232 0.263158
0 0.369906 0.242105 0.144201 0.319298
0 0.573668 0.221053 0.388715 0.371930
0 0.391850 0.722807 0.137931 0.192982
0 0.536050 0.592982 0.115987 0.112281
0 0.282132 0.312281 0.216301 0.270175
0 0.692790 0.487719 0.210031 0.157895
0 0.504702 0.645614 0.203762 0.312281
0 0.288401 0.533333 0.081505 0.126316
0 0.457680 0.035088 0.178683 0.473684
0 0.636364 0.600000 0.090909 0.115789
0 0.344828 0.536842 0.137931 0.115789
0 0.495298 0.505263 0.106583 0.105263
0 0.031348 0.214035 0.404389 0.322807
0 0.470219 0.585965 0.068966 0.070175
0 0.119122 0.663158 0.344828 0.143860
0 0.454545 0.673684 0.047022 0.045614
0 0.614420 0.403509 0.131661 0.147368
