0 0.475177 0.363636 0.152482 0.121212
0 0.592199 0.464646 0.152482 0.094276
0 0.510638 0.498316 0.120567 0.090909
0 0.471631 0.454545 0.063830 0.074074
0 0.301418 0.501684 0.191489 0.104377
0 0.152482 0.188552 0.315603 0.289562
0 0.585106 0.589226 0.148936 0.138047
0 0.361702 0.252525 0.113475 0.205387
0 0.450355 0.683502 0.078014 0.101010
0 0.631206 0.265993 0.230496 0.144781
0 0.304965 0.414141 0.148936 0.090909
0 0.035461 0.528620 0.460993 0.380471
0 0.482270 0.535354 0.156028 0.333333
0 0.464539 0.033670 0.180851 0.360269
0 0.113475 0.468013 0.216312 0.127946
0 0.539007 0.471380 0.471631 0.164983
