0 0.000000 0.000000 0.980843 1.000000
0 0.000000 0.000000 0.980843 1.000000
0 0.000000 0.000000 0.980843 1.000000
0 0.390805 0.556420 0.176245 0.412451
0 0.597701 0.517510 0.114943 0.182879
0 0.038314 0.498054 0.409962 0.214008
0 0.103448 0.338521 0.375479 0.178988
0 0.386973 0.186770 0.168582 0.494163
0 0.386973 0.186770 0.168582 0.494163
0 0.578544 0.346304 0.168582 0.147860
0 0.490421 0.474708 0.057471 0.042802
0 0.544061 0.108949 0.183908 0.338521
0 0.452107 0.346304 0.114943 0.136187
0 0.613027 0.287938 0.325670 0.552529
0 0.613027 0.287938 0.325670 0.552529
