0 0.602374 0.422096 0.308605 0.135977
0 0.249258 0.521246 0.195846 0.113314
0 0.581602 0.104816 0.264095 0.354108
0 0.531157 0.453258 0.068249 0.073654
0 0.433234 0.524079 0.100890 0.062323
0 0.525223 0.566572 0.106825 0.116147
0 0.560831 0.521246 0.041543 0.045326
0 0.596439 0.487252 0.091988 0.042493
0 0.275964 0.175637 0.157270 0.240793
0 0.522255 0.521246 0.038576 0.050992
0 0.519288 0.337110 0.100890 0.116147
0 0.436202 0.662890 0.183976 0.243626
0 0.617211 0.597734 0.394659 0.322946
0 0.329377 0.396601 0.181009 0.133144
0 0.272997 0.577904 0.243323 0.300283
0 0.418398 0.028329 0.166172 0.495751
0 0.029674 0.305949 0.353116 0.203966
