0 0.000000 0.000000 0.896465 1.000000
0 0.000000 0.000000 0.896465 1.000000
0 0.000000 0.000000 0.896465 1.000000
0 0.000000 0.000000 0.896465 1.000000
0 0.505051 0.426966 0.073232 0.073034
0 0.558081 0.528090 0.285354 0.117978
0 0.512626 0.471910 0.080808 0.115169
0 0.603535 0.679775 0.227273 0.351124
0 0.260101 0.626404 0.343434 0.365169
0 0.260101 0.626404 0.343434 0.365169
0 0.025253 0.426966 0.401515 0.191011
0 0.247475 0.202247 0.143939 0.219101
0 0.593434 0.219101 0.275253 0.280899
0 0.497475 0.547753 0.027778 0.050562
0 0.333333 0.415730 0.161616 0.160112
0 0.214646 0.598315 0.224747 0.137640
0 0.348485 0.547753 0.444444 0.530899
0 0.348485 0.547753 0.444444 0.530899
