0 0.000000 0.000000 1.000000 0.973077
0 0.000000 0.000000 1.000000 0.973077
0 0.000000 0.000000 1.000000 0.973077
0 0.086614 0.257692 0.244094 0.261538
0 0.437008 0.580769 0.055118 0.042308
0 0.492126 0.507692 0.263780 0.153846
0 0.393701 0.642308 0.200787 0.288462
0 0.039370 0.373077 0.937008 0.326923
0 0.039370 0.373077 0.937008 0.326923
0 0.444882 0.038462 0.200787 0.492308
0 0.448819 0.619231 0.350394 0.219231
0 0.440945 0.473077 0.110236 0.111538
0 0.271654 0.519231 0.161417 0.130769
0 0.299213 0.369231 0.157480 0.234615
0 0.299213 0.369231 0.157480 0.234615
