0 0.029851 0.246377 0.456716 0.211594
0 0.641791 0.498551 0.065672 0.078261
0 0.537313 0.472464 0.355224 0.194203
0 0.456716 0.385507 0.086567 0.086957
0 0.376119 0.417391 0.050746 0.040580
0 0.552239 0.194203 0.101493 0.234783
0 0.170149 0.397101 0.202985 0.107246
0 0.271642 0.028986 0.238806 0.368116
0 0.659701 0.301449 0.304478 0.153623
0 0.525373 0.475362 0.125373 0.243478
0 0.477612 0.136232 0.113433 0.298551
0 0.597015 0.089855 0.304478 0.318841
0 0.540299 0.402899 0.122388 0.078261
0 0.453731 0.475362 0.197015 0.489855
0 0.349254 0.449275 0.167164 0.110145
