0 0.339031 0.609329 0.145299 0.160350
0 0.444444 0.454810 0.034188 0.037901
0 0.319088 0.029155 0.170940 0.341108
0 0.501425 0.469388 0.205128 0.148688
0 0.609687 0.422741 0.099715 0.093294
0 0.410256 0.495627 0.074074 0.113703
0 0.330484 0.609329 0.182336 0.379009
0 0.495726 0.513120 0.296296 0.329446
0 0.461538 0.475219 0.037037 0.049563
0 0.364672 0.355685 0.105413 0.107872
0 0.410256 0.460641 0.031339 0.043732
0 0.068376 0.518950 0.344729 0.326531
0 0.190883 0.475219 0.219373 0.166181
0 0.472934 0.052478 0.236467 0.373178
0 0.470085 0.416910 0.074074 0.072886
0 0.304843 0.274052 0.099715 0.119534
0 0.547009 0.370262 0.396011 0.180758
0 0.028490 0.148688 0.336182 0.265306
0 0.105413 0.387755 0.304843 0.151603
0 0.498575 0.215743 0.207977 0.198251
