0 0.000000 0.000000 0.978070 1.000000
0 0.000000 0.000000 0.978070 1.000000
0 0.000000 0.000000 0.978070 1.000000
0 0.000000 0.000000 0.978070 1.000000
0 0.546053 0.259508 0.302632 0.263982
0 0.021930 0.429530 0.447368 0.165548
0 0.107456 0.335570 0.331140 0.172260
0 0.567982 0.595078 0.092105 0.096197
0 0.416667 0.440716 0.399123 0.217002
0 0.416667 0.440716 0.399123 0.217002
0 0.592105 0.335570 0.361842 0.172260
0 0.282895 0.565996 0.195175 0.147651
0 0.548246 0.507830 0.131579 0.089485
0 0.464912 0.512304 0.089912 0.127517
0 0.383772 0.022371 0.146930 0.489933
0 0.506579 0.234899 0.416667 0.693512
0 0.506579 0.234899 0.416667 0.693512
