0 0.494220 0.435897 0.049133 0.032051
0 0.173410 0.166667 0.251445 0.211538
0 0.502890 0.182692 0.208092 0.253205
0 0.430636 0.467949 0.052023 0.054487
0 0.549133 0.554487 0.306358 0.368590
0 0.364162 0.266026 0.092486 0.096154
0 0.257225 0.032051 0.216763 0.333333
0 0.537572 0.272436 0.317919 0.182692
0 0.028902 0.455128 0.401734 0.221154
0 0.546243 0.121795 0.419075 0.339744
0 0.601156 0.528846 0.291908 0.144231
0 0.384393 0.516026 0.118497 0.221154
0 0.393064 0.368590 0.106936 0.099359
0 0.228324 0.525641 0.225434 0.435897
0 0.473988 0.451923 0.046243 0.057692
0 0.202312 0.455128 0.239884 0.147436
0 0.511561 0.461538 0.095376 0.089744
