0 0.363868 0.670623 0.111959 0.261128
0 0.267176 0.593472 0.091603 0.089021
0 0.491094 0.611276 0.119593 0.148368
0 0.025445 0.667656 0.330789 0.181009
0 0.435115 0.587537 0.066158 0.089021
0 0.452926 0.495549 0.066158 0.100890
0 0.496183 0.569733 0.203562 0.100890
0 0.440204 0.029674 0.167939 0.468843
0 0.078880 0.290801 0.371501 0.302671
0 0.516539 0.314540 0.160305 0.210682
0 0.605598 0.664688 0.208651 0.281899
0 0.320611 0.572700 0.122137 0.094955
0 0.251908 0.649852 0.185751 0.272997
0 0.178117 0.222552 0.180662 0.258160
0 0.519084 0.341246 0.307888 0.225519
0 0.422392 0.652819 0.150127 0.477745
0 0.335878 0.359050 0.132316 0.201780
