0 0.589385 0.571816 0.407821 0.352304
0 0.449721 0.523035 0.086592 0.059621
0 0.446927 0.666667 0.167598 0.271003
0 0.027933 0.314363 0.424581 0.219512
0 0.312849 0.382114 0.189944 0.138211
0 0.606145 0.482385 0.083799 0.035230
0 0.516760 0.344173 0.097765 0.111111
0 0.290503 0.189702 0.145251 0.208672
0 0.516760 0.563686 0.097765 0.105691
0 0.522346 0.672087 0.092179 0.084011
0 0.290503 0.579946 0.237430 0.319783
0 0.511173 0.498645 0.039106 0.040650
0 0.589385 0.116531 0.259777 0.327913
0 0.525140 0.428184 0.078212 0.086721
0 0.530726 0.509485 0.083799 0.062331
0 0.405028 0.027100 0.150838 0.468835
0 0.614525 0.403794 0.301676 0.149051
0 0.262570 0.520325 0.198324 0.111111
