0 0.109859 0.536785 0.309859 0.359673
0 0.507042 0.520436 0.177465 0.158038
0 0.450704 0.433243 0.045070 0.054496
0 0.495775 0.495913 0.416901 0.228883
0 0.461972 0.059946 0.154930 0.362398
0 0.439437 0.566757 0.084507 0.073569
0 0.354930 0.634877 0.169014 0.299728
0 0.433803 0.485014 0.081690 0.098093
0 0.490141 0.441417 0.067606 0.043597
0 0.557746 0.335150 0.442254 0.179837
0 0.476056 0.245232 0.140845 0.190736
0 0.391549 0.460490 0.061972 0.076294
0 0.290141 0.305177 0.132394 0.160763
0 0.397183 0.370572 0.067606 0.089918
0 0.028169 0.209809 0.242254 0.198910
0 0.143662 0.405995 0.278873 0.133515
0 0.118310 0.465940 0.270423 0.111717
0 0.295775 0.027248 0.135211 0.343324
