0 0.000000 0.000000 1.000000 0.932011
0 0.000000 0.000000 1.000000 0.932011
0 0.000000 0.000000 1.000000 0.932011
0 0.000000 0.000000 1.000000 0.932011
0 0.000000 0.000000 1.000000 0.932011
0 0.296970 0.028329 0.215152 0.453258
0 0.212121 0.643059 0.233333 0.257790
0 0.448485 0.594901 0.081818 0.082153
0 0.587879 0.300283 0.290909 0.164306
0 0.030303 0.521246 0.515152 0.226629
0 0.030303 0.521246 0.515152 0.226629
0 0.566667 0.135977 0.330303 0.283286
0 0.581818 0.603399 0.106061 0.110482
0 0.533333 0.487252 0.039394 0.033994
0 0.506061 0.399433 0.081818 0.099150
0 0.196970 0.303116 0.312121 0.189802
0 0.615152 0.419263 0.090909 0.090652
0 0.572727 0.501416 0.460606 0.175637
0 0.348485 0.382436 0.433333 0.257790
0 0.348485 0.382436 0.433333 0.257790
