0 0.000000 0.000000 0.917355 1.000000
0 0.000000 0.000000 0.917355 1.000000
0 0.000000 0.000000 0.917355 1.000000
0 0.517906 0.185629 0.303030 0.317365
0 0.303030 0.571856 0.154270 0.158683
0 0.435262 0.245509 0.110193 0.248503
0 0.027548 0.538922 0.443526 0.200599
0 0.234160 0.338323 0.652893 0.553892
0 0.234160 0.338323 0.652893 0.553892
0 0.363636 0.455090 0.112948 0.098802
0 0.509642 0.568862 0.176309 0.311377
0 0.438017 0.559880 0.068871 0.083832
0 0.473829 0.485030 0.052342 0.080838
0 0.057851 0.371257 0.391185 0.679641
0 0.057851 0.371257 0.391185 0.679641
