0 0.322917 0.305040 0.093750 0.108753
0 0.442708 0.464191 0.041667 0.053050
0 0.338542 0.026525 0.164062 0.355438
0 0.513021 0.482759 0.205729 0.145889
0 0.598958 0.456233 0.109375 0.055703
0 0.411458 0.517241 0.080729 0.129973
0 0.367188 0.633952 0.171875 0.352785
0 0.026042 0.175066 0.333333 0.249337
0 0.468750 0.498674 0.036458 0.045093
0 0.361979 0.368700 0.109375 0.108753
0 0.408854 0.477454 0.039062 0.047745
0 0.080729 0.525199 0.348958 0.318302
0 0.166667 0.493369 0.242188 0.156499
0 0.473958 0.055703 0.236979 0.411141
0 0.476562 0.429708 0.085938 0.082228
0 0.354167 0.633952 0.093750 0.129973
0 0.562500 0.363395 0.388021 0.172414
0 0.502604 0.527851 0.278646 0.289125
0 0.132812 0.384615 0.276042 0.137931
0 0.500000 0.246684 0.187500 0.188329
