0 0.000000 0.000000 0.900726 1.000000
0 0.000000 0.000000 0.900726 1.000000
0 0.000000 0.000000 0.900726 1.000000
0 0.455206 0.474531 0.070218 0.093834
0 0.426150 0.538874 0.058111 0.147453
0 0.479419 0.549598 0.203390 0.099196
0 0.443099 0.026810 0.162228 0.450402
0 0.263923 0.313673 0.392252 0.345845
0 0.263923 0.313673 0.392252 0.345845
0 0.484262 0.579088 0.389831 0.294906
0 0.060533 0.276139 0.375303 0.302949
0 0.191283 0.635389 0.234867 0.289544
0 0.179177 0.225201 0.268765 0.332440
0 0.520581 0.329759 0.329298 0.222520
0 0.312349 0.289544 0.297821 0.785523
0 0.312349 0.289544 0.297821 0.785523
