0 0.000000 0.000000 0.904177 1.000000
0 0.000000 0.000000 0.904177 1.000000
0 0.000000 0.000000 0.904177 1.000000
0 0.000000 0.000000 0.904177 1.000000
0 0.594595 0.371274 0.088452 0.089431
0 0.611794 0.471545 0.265356 0.154472
0 0.339066 0.208672 0.147420 0.268293
0 0.405405 0.482385 0.081081 0.067751
0 0.515971 0.027100 0.287469 0.699187
0 0.515971 0.027100 0.287469 0.699187
0 0.383292 0.563686 0.115479 0.159892
0 0.343980 0.577236 0.186732 0.493225
0 0.024570 0.449864 0.393120 0.165312
0 0.498771 0.539295 0.066339 0.059621
0 0.479115 0.517615 0.044226 0.046070
0 0.560197 0.585366 0.255528 0.355014
0 0.218673 0.433604 0.400491 0.392954
0 0.218673 0.433604 0.400491 0.392954
