0 0.496350 0.196364 0.062044 0.134545
0 0.390511 0.538182 0.160584 0.403636
0 0.551095 0.072727 0.193431 0.349091
0 0.576642 0.294545 0.328467 0.170909
0 0.189781 0.352727 0.266423 0.145455
0 0.354015 0.520000 0.182482 0.254545
0 0.580292 0.574545 0.120438 0.112727
0 0.445255 0.425455 0.131387 0.105455
0 0.036496 0.487273 0.437956 0.207273
0 0.350365 0.036364 0.178832 0.254545
0 0.437956 0.287273 0.131387 0.156364
0 0.642336 0.487273 0.317518 0.305455
0 0.131387 0.152727 0.346715 0.283636
0 0.547445 0.592727 0.171533 0.360000
0 0.540146 0.465455 0.109489 0.123636
