0 0.000000 0.000000 1.000000 0.966006
0 0.000000 0.000000 1.000000 0.966006
0 0.263158 0.028329 0.207602 0.447592
0 0.511696 0.583569 0.058480 0.113314
0 0.029240 0.274788 0.365497 0.215297
0 0.500000 0.441926 0.497076 0.189802
0 0.207602 0.368272 0.266082 0.266289
0 0.207602 0.368272 0.266082 0.266289
0 0.488304 0.518414 0.248538 0.124646
0 0.467836 0.322946 0.131579 0.201133
0 0.099415 0.592068 0.309942 0.294618
0 0.116959 0.470255 0.327485 0.110482
0 0.391813 0.439093 0.090643 0.090652
0 0.318713 0.169972 0.198830 0.764873
0 0.318713 0.169972 0.198830 0.764873
