0 0.590571 0.395543 0.205955 0.142061
0 0.518610 0.540390 0.151365 0.150418
0 0.555831 0.027855 0.178660 0.445682
0 0.503722 0.487465 0.096774 0.072423
0 0.434243 0.509749 0.081886 0.072423
0 0.493797 0.565460 0.086849 0.211699
0 0.024814 0.504178 0.411911 0.189415
0 0.496278 0.300836 0.091811 0.197772
0 0.280397 0.571031 0.173697 0.178273
0 0.583127 0.696379 0.205955 0.270195
0 0.248139 0.080780 0.253102 0.417827
0 0.568238 0.236769 0.248139 0.250696
0 0.196030 0.200557 0.171216 0.181058
0 0.290323 0.576602 0.210918 0.373259
0 0.555831 0.523677 0.414392 0.169916
0 0.302730 0.342618 0.196030 0.172702
