0 0.530831 0.331269 0.209115 0.238390
0 0.522788 0.297214 0.182306 0.253870
0 0.490617 0.585139 0.091153 0.114551
0 0.530831 0.563467 0.206434 0.108359
0 0.278820 0.640867 0.193029 0.235294
0 0.026810 0.643963 0.375335 0.188854
0 0.364611 0.647059 0.139410 0.291022
0 0.576408 0.616099 0.257373 0.328173
0 0.479893 0.504644 0.048257 0.092879
0 0.075067 0.318885 0.378016 0.247678
0 0.281501 0.588235 0.101877 0.089783
0 0.372654 0.569659 0.134048 0.077399
0 0.176944 0.232198 0.206434 0.241486
0 0.402145 0.684211 0.150134 0.433437
0 0.439678 0.030960 0.168901 0.492260
0 0.380697 0.433437 0.112601 0.133127
