0 0.244737 0.455621 0.092105 0.112426
0 0.489474 0.272189 0.347368 0.260355
0 0.184211 0.633136 0.197368 0.180473
0 0.460526 0.724852 0.123684 0.284024
0 0.402632 0.269231 0.126316 0.254438
0 0.131579 0.852071 0.115789 0.236686
0 0.415789 0.556213 0.068421 0.085799
0 0.155263 0.227811 0.168421 0.227811
0 0.334211 0.494083 0.092105 0.088757
0 0.531579 0.662722 0.326316 0.257396
0 0.484211 0.458580 0.218421 0.142012
0 0.210526 0.668639 0.186842 0.360947
0 0.418421 0.508876 0.068421 0.059172
0 0.431579 0.609467 0.100000 0.115385
0 0.371053 0.029586 0.176316 0.485207
0 0.384211 0.591716 0.052632 0.097633
0 0.026316 0.310651 0.242105 0.236686
