0 0.488055 0.572954 0.136519 0.263345
0 0.522184 0.544484 0.174061 0.092527
0 0.283276 0.035587 0.197952 0.459075
0 0.266212 0.512456 0.204778 0.096085
0 0.187713 0.540925 0.276451 0.145907
0 0.470990 0.512456 0.054608 0.056940
0 0.034130 0.238434 0.440273 0.302491
0 0.286689 0.615658 0.215017 0.384342
0 0.477816 0.441281 0.122867 0.099644
0 0.436860 0.355872 0.054608 0.096085
0 0.085324 0.590747 0.372014 0.313167
0 0.453925 0.558719 0.051195 0.067616
0 0.529010 0.462633 0.389078 0.220641
0 0.433447 0.145907 0.112628 0.302491
