0 0.000000 0.000000 0.956835 1.000000
0 0.000000 0.000000 0.956835 1.000000
0 0.000000 0.000000 0.956835 1.000000
0 0.000000 0.000000 0.956835 1.000000
0 0.676259 0.435000 0.254197 0.145000
0 0.383693 0.440000 0.115108 0.070000
0 0.546763 0.360000 0.175060 0.137500
0 0.474820 0.410000 0.081535 0.085000
0 0.184652 0.137500 0.412470 0.355000
0 0.184652 0.137500 0.412470 0.355000
0 0.023981 0.425000 0.470024 0.162500
0 0.393285 0.545000 0.170264 0.467500
0 0.357314 0.447500 0.040767 0.090000
0 0.529976 0.497500 0.074341 0.082500
0 0.616307 0.345000 0.081535 0.055000
0 0.604317 0.540000 0.297362 0.322500
0 0.239808 0.522500 0.280576 0.247500
0 0.239808 0.522500 0.280576 0.247500
