0 0.584656 0.578811 0.407407 0.366925
0 0.513228 0.483204 0.047619 0.064599
0 0.544974 0.387597 0.095238 0.129199
0 0.441799 0.695090 0.161376 0.250646
0 0.537037 0.687339 0.066138 0.069767
0 0.539683 0.516796 0.050265 0.067183
0 0.584656 0.514212 0.079365 0.062016
0 0.269841 0.372093 0.246032 0.155039
0 0.656085 0.395349 0.314815 0.155039
0 0.444444 0.519380 0.095238 0.085271
0 0.417989 0.025840 0.153439 0.457364
0 0.026455 0.356589 0.441799 0.180879
0 0.542328 0.576227 0.121693 0.160207
0 0.314815 0.191214 0.206349 0.338501
0 0.616402 0.436693 0.121693 0.077519
0 0.283069 0.602067 0.232804 0.284238
0 0.624339 0.085271 0.185185 0.297158
0 0.291005 0.527132 0.153439 0.103359
0 0.531746 0.348837 0.095238 0.077519
