0 0.284866 0.287500 0.139466 0.103125
0 0.029674 0.321875 0.388724 0.171875
0 0.207715 0.484375 0.240356 0.243750
0 0.421365 0.568750 0.175074 0.393750
0 0.590504 0.296875 0.373887 0.184375
0 0.465875 0.484375 0.127596 0.150000
0 0.486647 0.403125 0.032641 0.028125
0 0.166172 0.050000 0.267062 0.325000
0 0.412463 0.375000 0.077151 0.087500
0 0.459941 0.218750 0.130564 0.181250
0 0.400593 0.068750 0.151335 0.209375
0 0.504451 0.403125 0.083086 0.071875
0 0.433234 0.606250 0.112760 0.125000
0 0.442136 0.456250 0.065282 0.059375
0 0.157270 0.462500 0.281899 0.187500
0 0.474777 0.434375 0.038576 0.037500
0 0.507418 0.475000 0.344214 0.331250
0 0.531157 0.031250 0.314540 0.368750
0 0.590504 0.325000 0.181009 0.156250
