0 0.000000 0.000000 1.000000 0.960177
0 0.000000 0.000000 1.000000 0.960177
0 0.000000 0.000000 1.000000 0.960177
0 0.665138 0.544248 0.110092 0.221239
0 0.243119 0.146018 0.325688 0.340708
0 0.550459 0.172566 0.142202 0.230088
0 0.596330 0.393805 0.133028 0.123894
0 0.353211 0.300885 0.628440 0.535398
0 0.353211 0.300885 0.628440 0.535398
0 0.550459 0.446903 0.082569 0.097345
0 0.302752 0.044248 0.302752 0.398230
0 0.596330 0.584071 0.105505 0.207965
0 0.486239 0.694690 0.165138 0.216814
0 0.045872 0.079646 0.784404 0.495575
0 0.045872 0.079646 0.784404 0.495575
