0 0.404762 0.622490 0.103175 0.228916
0 0.039683 0.305221 0.293651 0.269076
0 0.408730 0.040161 0.210317 0.538153
0 0.337302 0.638554 0.051587 0.056225
0 0.432540 0.570281 0.246032 0.116466
0 0.416667 0.614458 0.234127 0.321285
0 0.357143 0.236948 0.091270 0.333333
0 0.063492 0.514056 0.309524 0.176707
0 0.329365 0.558233 0.083333 0.076305
0 0.206349 0.361446 0.142857 0.208835
0 0.269841 0.626506 0.174603 0.337349
0 0.464286 0.317269 0.476190 0.269076
0 0.416667 0.530120 0.055556 0.084337
0 0.424603 0.614458 0.357143 0.216867
