0 0.536443 0.556474 0.113703 0.115702
0 0.577259 0.498623 0.055394 0.057851
0 0.431487 0.027548 0.169096 0.482094
0 0.539359 0.504132 0.037901 0.038567
0 0.533528 0.661157 0.096210 0.096419
0 0.623907 0.443526 0.104956 0.066116
0 0.632653 0.404959 0.309038 0.137741
0 0.451895 0.666667 0.172012 0.245179
0 0.606414 0.101928 0.262391 0.322314
0 0.533528 0.327824 0.099125 0.118457
0 0.291545 0.173554 0.151603 0.220386
0 0.294461 0.573003 0.230321 0.311295
0 0.448980 0.504132 0.102041 0.068871
0 0.029155 0.297521 0.431487 0.217631
0 0.548105 0.415978 0.072886 0.093664
0 0.326531 0.380165 0.186589 0.129477
0 0.635569 0.586777 0.387755 0.314050
0 0.268222 0.509642 0.189504 0.107438
