0 0.000000 0.000000 0.911602 1.000000
0 0.000000 0.000000 0.911602 1.000000
0 0.000000 0.000000 0.911602 1.000000
0 0.527624 0.151057 0.165746 0.217523
0 0.066298 0.374622 0.317680 0.184290
0 0.027624 0.534743 0.430939 0.196375
0 0.226519 0.616314 0.229282 0.441088
0 0.309392 0.489426 0.207182 0.244713
0 0.309392 0.489426 0.207182 0.244713
0 0.383978 0.474320 0.091160 0.084592
0 0.500000 0.574018 0.182320 0.299094
0 0.502762 0.492447 0.082873 0.099698
0 0.516575 0.196375 0.292818 0.320242
0 0.574586 0.468278 0.080110 0.093656
0 0.234807 0.338369 0.646409 0.555891
0 0.234807 0.338369 0.646409 0.555891
