0 0.079897 0.275862 0.347938 0.281609
0 0.466495 0.482759 0.059278 0.094828
0 0.268041 0.580460 0.069588 0.080460
0 0.448454 0.560345 0.059278 0.103448
0 0.456186 0.637931 0.157216 0.442529
0 0.025773 0.626437 0.402062 0.198276
0 0.177835 0.212644 0.167526 0.198276
0 0.322165 0.333333 0.144330 0.224138
0 0.456186 0.028736 0.172680 0.459770
0 0.520619 0.324713 0.342784 0.235632
0 0.363402 0.655172 0.123711 0.244253
0 0.525773 0.307471 0.157216 0.201149
0 0.242268 0.629310 0.206186 0.281609
0 0.505155 0.580460 0.139175 0.166667
0 0.512887 0.548851 0.198454 0.097701
0 0.641753 0.658046 0.224227 0.247126
0 0.311856 0.554598 0.149485 0.091954
