0 0.000000 0.000000 0.944196 1.000000
0 0.000000 0.000000 0.944196 1.000000
0 0.000000 0.000000 0.944196 1.000000
0 0.000000 0.000000 0.944196 1.000000
0 0.316964 0.042453 0.156250 0.323113
0 0.354911 0.679245 0.102679 0.082547
0 0.133929 0.627358 0.225446 0.275943
0 0.357143 0.556604 0.113839 0.174528
0 0.022321 0.214623 0.770089 0.448113
0 0.022321 0.214623 0.770089 0.448113
0 0.390625 0.658019 0.160714 0.370283
0 0.466518 0.023585 0.194196 0.436321
0 0.314732 0.325472 0.131696 0.160377
0 0.580357 0.358491 0.339286 0.162736
0 0.080357 0.542453 0.276786 0.167453
0 0.426339 0.476415 0.040179 0.042453
0 0.513393 0.589623 0.203125 0.266509
0 0.162946 0.271226 0.473214 0.285377
0 0.162946 0.271226 0.473214 0.285377
