0 0.000000 0.000000 0.942761 1.000000
0 0.000000 0.000000 0.942761 1.000000
0 0.000000 0.000000 0.942761 1.000000
0 0.276094 0.569395 0.151515 0.088968
0 0.373737 0.423488 0.097643 0.145907
0 0.478114 0.594306 0.134680 0.088968
0 0.424242 0.519573 0.121212 0.071174
0 0.084175 0.035587 0.373737 0.395018
0 0.084175 0.035587 0.373737 0.395018
0 0.424242 0.594306 0.117845 0.149466
0 0.558923 0.313167 0.148148 0.167260
0 0.468013 0.306050 0.158249 0.220641
0 0.441077 0.743772 0.148148 0.270463
0 0.033670 0.483986 0.872054 0.217082
0 0.033670 0.483986 0.872054 0.217082
