0 0.000000 0.000000 0.988662 1.000000
0 0.000000 0.000000 0.988662 1.000000
0 0.000000 0.000000 0.988662 1.000000
0 0.000000 0.000000 0.988662 1.000000
0 0.000000 0.000000 0.988662 1.000000
0 0.573696 0.590389 0.090703 0.086957
0 0.487528 0.503432 0.065760 0.109840
0 0.133787 0.370709 0.312925 0.155606
0 0.501134 0.585812 0.126984 0.272311
0 0.274376 0.212815 0.553288 0.439359
0 0.274376 0.212815 0.553288 0.439359
0 0.585034 0.260870 0.287982 0.201373
0 0.553288 0.313501 0.072562 0.077803
0 0.328798 0.608696 0.201814 0.372998
0 0.498866 0.336384 0.090703 0.167048
0 0.138322 0.581236 0.353741 0.338673
0 0.605442 0.592677 0.321995 0.318078
0 0.344671 0.022883 0.197279 0.654462
0 0.344671 0.022883 0.197279 0.654462
