0 0.586081 0.648221 0.102564 0.181818
0 0.487179 0.588933 0.058608 0.051383
0 0.630037 0.596838 0.245421 0.233202
0 0.542125 0.545455 0.062271 0.075099
0 0.274725 0.292490 0.161172 0.181818
0 0.501832 0.288538 0.131868 0.122530
0 0.538462 0.355731 0.131868 0.205534
0 0.380952 0.660079 0.172161 0.225296
0 0.659341 0.411067 0.223443 0.173913
0 0.369963 0.450593 0.179487 0.138340
0 0.197802 0.636364 0.351648 0.351779
0 0.637363 0.134387 0.139194 0.276680
0 0.227106 0.039526 0.336996 0.498024
0 0.454212 0.675889 0.157509 0.355731
0 0.036630 0.513834 0.446886 0.197628
0 0.553114 0.581028 0.076923 0.090909
