0 0.000000 0.000000 1.000000 0.994609
0 0.000000 0.000000 1.000000 0.994609
0 0.000000 0.000000 1.000000 0.994609
0 0.000000 0.000000 1.000000 0.994609
0 0.500000 0.479784 0.051351 0.059299
0 0.097297 0.142857 0.408108 0.315364
0 0.027027 0.463612 0.364865 0.188679
0 0.532432 0.026954 0.254054 0.409704
0 0.389189 0.420485 0.213514 0.113208
0 0.389189 0.420485 0.213514 0.113208
0 0.502703 0.539084 0.164865 0.425876
0 0.275676 0.522911 0.221622 0.318059
0 0.645946 0.380054 0.083784 0.088949
0 0.500000 0.447439 0.029730 0.040431
0 0.413514 0.245283 0.124324 0.202156
0 0.405405 0.126685 0.121622 0.633423
0 0.405405 0.126685 0.121622 0.633423
