0 0.000000 0.000000 0.951163 1.000000
0 0.000000 0.000000 0.951163 1.000000
0 0.000000 0.000000 0.951163 1.000000
0 0.000000 0.000000 0.951163 1.000000
0 0.348837 0.043902 0.155814 0.334146
0 0.423256 0.621951 0.167442 0.397561
0 0.023256 0.200000 0.332558 0.251220
0 0.439535 0.524390 0.079070 0.070732
0 0.120930 0.504878 0.662791 0.385366
0 0.120930 0.504878 0.662791 0.385366
0 0.102326 0.534146 0.281395 0.165854
0 0.451163 0.024390 0.246512 0.456098
0 0.327907 0.341463 0.134884 0.146341
0 0.600000 0.375610 0.325581 0.170732
0 0.372093 0.551220 0.111628 0.153659
0 0.427907 0.478049 0.081395 0.056098
0 0.516279 0.578049 0.230233 0.251220
0 0.153488 0.402439 0.286047 0.156098
0 0.153488 0.402439 0.286047 0.156098
