0 0.344828 0.648718 0.120690 0.115385
0 0.339901 0.030769 0.155172 0.323077
0 0.504926 0.253846 0.155172 0.169231
0 0.583744 0.446154 0.105911 0.056410
0 0.458128 0.417949 0.120690 0.100000
0 0.413793 0.620513 0.169951 0.389744
0 0.312808 0.323077 0.137931 0.151282
0 0.024631 0.194872 0.347291 0.256410
0 0.435961 0.510256 0.064039 0.071795
0 0.502463 0.489744 0.253695 0.158974
0 0.113300 0.548718 0.293103 0.343590
0 0.100985 0.515385 0.278325 0.174359
0 0.455665 0.025641 0.251232 0.451282
0 0.573892 0.382051 0.357143 0.169231
0 0.376847 0.553846 0.096059 0.143590
0 0.428571 0.474359 0.041872 0.048718
0 0.497537 0.556410 0.241379 0.289744
0 0.145320 0.389744 0.236453 0.135897
0 0.379310 0.484615 0.061576 0.069231
