0 0.333333 0.628959 0.193333 0.361991
0 0.553333 0.271493 0.306667 0.237557
0 0.131111 0.595023 0.351111 0.332579
0 0.482222 0.590498 0.137778 0.321267
0 0.124444 0.337104 0.315556 0.171946
0 0.022222 0.418552 0.451111 0.169683
0 0.273333 0.210407 0.191111 0.242081
0 0.568889 0.592760 0.093333 0.099548
0 0.433333 0.452489 0.086667 0.081448
0 0.648889 0.529412 0.171111 0.126697
0 0.611111 0.359729 0.344444 0.156109
0 0.311111 0.556561 0.168889 0.158371
0 0.548889 0.497738 0.097778 0.092760
0 0.460000 0.502262 0.091111 0.126697
0 0.380000 0.022624 0.151111 0.479638
0 0.593333 0.588235 0.328889 0.341629
0 0.493333 0.273756 0.133333 0.228507
