0 0.000000 0.000000 1.000000 0.987382
0 0.000000 0.000000 1.000000 0.987382
0 0.471338 0.511041 0.261146 0.094637
0 0.184713 0.539432 0.257962 0.107256
0 0.426752 0.529968 0.073248 0.097792
0 0.410828 0.466877 0.060510 0.063091
0 0.031847 0.236593 0.445860 0.716088
0 0.031847 0.236593 0.445860 0.716088
0 0.429936 0.353312 0.050955 0.059937
0 0.184713 0.485804 0.261146 0.107256
0 0.085987 0.570978 0.337580 0.328076
0 0.522293 0.615142 0.047771 0.097792
0 0.420382 0.145110 0.114650 0.252366
0 0.468153 0.365931 0.503185 0.287066
0 0.468153 0.365931 0.503185 0.287066
