0 0.421725 0.557632 0.089457 0.133956
0 0.408946 0.420561 0.060703 0.059190
0 0.031949 0.196262 0.329073 0.267913
0 0.492013 0.476636 0.389776 0.158879
0 0.485623 0.532710 0.233227 0.174455
0 0.460064 0.031153 0.156550 0.323988
0 0.357827 0.566978 0.175719 0.370717
0 0.418530 0.501558 0.076677 0.062305
0 0.083067 0.454829 0.172524 0.140187
0 0.498403 0.308411 0.488818 0.183801
0 0.444089 0.327103 0.108626 0.127726
0 0.370607 0.501558 0.051118 0.065421
0 0.255591 0.302181 0.159744 0.183801
0 0.460064 0.470405 0.035144 0.028037
0 0.172524 0.535826 0.246006 0.367601
0 0.210863 0.442368 0.201278 0.130841
0 0.415335 0.479751 0.041534 0.024922
0 0.370607 0.052960 0.124601 0.364486
