0 0.000000 0.000000 1.000000 0.991525
0 0.000000 0.000000 1.000000 0.991525
0 0.382979 0.529661 0.187234 0.415254
0 0.331915 0.042373 0.212766 0.326271
0 0.480851 0.436441 0.110638 0.114407
0 0.506383 0.364407 0.080851 0.076271
0 0.042553 0.427966 0.621277 0.250000
0 0.042553 0.427966 0.621277 0.250000
0 0.144681 0.283898 0.178723 0.173729
0 0.582979 0.351695 0.114894 0.127119
0 0.634043 0.474576 0.208511 0.330508
0 0.217021 0.288136 0.289362 0.156780
0 0.523404 0.241525 0.429787 0.572034
0 0.523404 0.241525 0.429787 0.572034
