0 0.451411 0.032787 0.322884 0.400000
0 0.536050 0.449180 0.112853 0.101639
0 0.059561 0.557377 0.272727 0.229508
0 0.031348 0.422951 0.373041 0.163934
0 0.075235 0.045902 0.332288 0.370492
0 0.329154 0.485246 0.122257 0.131148
0 0.335423 0.547541 0.181818 0.459016
0 0.426332 0.436066 0.037618 0.065574
0 0.376176 0.413115 0.065831 0.052459
0 0.539185 0.334426 0.379310 0.206557
0 0.344828 0.216393 0.112853 0.219672
0 0.451411 0.400000 0.087774 0.091803
0 0.250784 0.347541 0.131661 0.101639
0 0.463950 0.475410 0.181818 0.308197
0 0.479624 0.655738 0.065831 0.114754
0 0.420063 0.085246 0.137931 0.344262
