0 0.000000 0.000000 0.978102 1.000000
0 0.000000 0.000000 0.978102 1.000000
0 0.000000 0.000000 0.978102 1.000000
0 0.000000 0.000000 0.978102 1.000000
0 0.355231 0.024814 0.158151 0.322581
0 0.437956 0.612903 0.177616 0.377171
0 0.024331 0.183623 0.362530 0.263027
0 0.452555 0.506203 0.068127 0.076923
0 0.330900 0.302730 0.133820 0.171216
0 0.119221 0.481390 0.683698 0.397022
0 0.119221 0.481390 0.683698 0.397022
0 0.087591 0.508685 0.294404 0.156328
0 0.457421 0.037221 0.267640 0.439206
0 0.608273 0.357320 0.343066 0.166253
0 0.377129 0.533499 0.107056 0.156328
0 0.442822 0.471464 0.046229 0.047146
0 0.518248 0.555831 0.243309 0.267990
0 0.150852 0.382134 0.299270 0.156328
0 0.150852 0.382134 0.299270 0.156328
