0 0.000000 0.000000 0.992308 1.000000
0 0.000000 0.000000 0.992308 1.000000
0 0.000000 0.000000 0.992308 1.000000
0 0.000000 0.000000 0.992308 1.000000
0 0.089744 0.170103 0.358974 0.291237
0 0.358974 0.162371 0.138462 0.278351
0 0.258974 0.502577 0.220513 0.376289
0 0.446154 0.445876 0.033333 0.061856
0 0.294872 0.463918 0.205128 0.301546
0 0.294872 0.463918 0.205128 0.301546
0 0.476923 0.420103 0.138462 0.079897
0 0.502564 0.502577 0.207692 0.159794
0 0.615385 0.396907 0.084615 0.095361
0 0.502564 0.582474 0.164103 0.391753
0 0.502564 0.025773 0.243590 0.420103
0 0.025641 0.329897 0.938462 0.345361
0 0.025641 0.329897 0.938462 0.345361
