0 0.485714 0.473485 0.093878 0.090909
0 0.232653 0.257576 0.240816 0.174242
0 0.485714 0.344697 0.122449 0.102273
0 0.551020 0.393939 0.400000 0.140152
0 0.489796 0.564394 0.179592 0.390152
0 0.248980 0.094697 0.240816 0.329545
0 0.469388 0.424242 0.077551 0.053030
0 0.302041 0.454545 0.179592 0.140152
0 0.440816 0.037879 0.183673 0.310606
0 0.040816 0.378788 0.428571 0.166667
0 0.436735 0.602273 0.159184 0.212121
0 0.546939 0.303030 0.387755 0.155303
0 0.579592 0.526515 0.351020 0.303030
0 0.604082 0.068182 0.342857 0.325758
0 0.163265 0.590909 0.232653 0.215909
