0 0.433803 0.694915 0.101408 0.132203
0 0.445070 0.559322 0.076056 0.088136
0 0.400000 0.640678 0.073239 0.098305
0 0.447887 0.823729 0.109859 0.149153
0 0.047887 0.711864 0.363380 0.274576
0 0.028169 0.549153 0.326761 0.176271
0 0.132394 0.406780 0.185915 0.210169
0 0.290141 0.528814 0.149296 0.152542
0 0.509859 0.498305 0.225352 0.193220
0 0.512676 0.667797 0.273239 0.179661
0 0.273239 0.033898 0.188732 0.542373
0 0.476056 0.640678 0.033803 0.054237
0 0.219718 0.789831 0.216901 0.342373
0 0.515493 0.264407 0.194366 0.332203
0 0.529577 0.728814 0.267606 0.433898
0 0.354930 0.413559 0.104225 0.166102
0 0.284507 0.725424 0.129577 0.135593
