0 0.481884 0.333333 0.177536 0.144330
0 0.163043 0.164948 0.311594 0.309278
0 0.463768 0.439863 0.083333 0.096220
0 0.322464 0.491409 0.181159 0.113402
0 0.307971 0.398625 0.126812 0.099656
0 0.594203 0.580756 0.148551 0.154639
0 0.594203 0.453608 0.173913 0.068729
0 0.365942 0.250859 0.115942 0.206186
0 0.659420 0.261168 0.210145 0.151203
0 0.532609 0.487973 0.105072 0.096220
0 0.036232 0.573883 0.431159 0.333333
0 0.456522 0.539519 0.199275 0.316151
0 0.471014 0.034364 0.181159 0.350515
0 0.112319 0.463918 0.231884 0.130584
0 0.623188 0.487973 0.387681 0.171821
