0 0.000000 0.000000 0.984791 1.000000
0 0.000000 0.000000 0.984791 1.000000
0 0.380228 0.546154 0.167300 0.419231
0 0.566540 0.361538 0.163498 0.157692
0 0.038023 0.476923 0.456274 0.223077
0 0.448669 0.315385 0.125475 0.142308
0 0.365019 0.496154 0.577947 0.330769
0 0.365019 0.496154 0.577947 0.330769
0 0.539924 0.457692 0.091255 0.111538
0 0.475285 0.442308 0.091255 0.061538
0 0.498099 0.142308 0.190114 0.269231
0 0.117871 0.284615 0.353612 0.211538
0 0.589354 0.280769 0.330798 0.419231
0 0.589354 0.280769 0.330798 0.419231
