0 0.000000 0.000000 0.990354 1.000000
0 0.000000 0.000000 0.990354 1.000000
0 0.266881 0.032362 0.205788 0.446602
0 0.202572 0.501618 0.250804 0.103560
0 0.437299 0.365696 0.041801 0.064725
0 0.430868 0.482201 0.061093 0.064725
0 0.032154 0.242718 0.450161 0.724919
0 0.032154 0.242718 0.450161 0.724919
0 0.491961 0.527508 0.228296 0.090615
0 0.189711 0.556634 0.257235 0.106796
0 0.080386 0.582524 0.356913 0.313916
0 0.437299 0.543689 0.067524 0.090615
0 0.414791 0.158576 0.540193 0.508091
0 0.414791 0.158576 0.540193 0.508091
