0 0.524528 0.563786 0.233962 0.168724
0 0.547170 0.094650 0.286792 0.436214
0 0.037736 0.329218 0.433962 0.222222
0 0.464151 0.341564 0.105660 0.197531
0 0.501887 0.197531 0.139623 0.341564
0 0.494340 0.534979 0.064151 0.049383
0 0.200000 0.041152 0.305660 0.502058
0 0.558491 0.308642 0.396226 0.271605
0 0.509434 0.613169 0.113208 0.152263
0 0.305660 0.493827 0.143396 0.065844
0 0.437736 0.650206 0.045283 0.049383
0 0.418868 0.555556 0.094340 0.094650
0 0.415094 0.633745 0.218868 0.316872
0 0.090566 0.493827 0.328302 0.127572
