0 0.442136 0.575071 0.142433 0.294618
0 0.545994 0.237960 0.118694 0.186969
0 0.109792 0.555241 0.370920 0.252125
0 0.474777 0.507082 0.077151 0.065156
0 0.548961 0.413598 0.065282 0.096317
0 0.593472 0.501416 0.121662 0.101983
0 0.545994 0.535411 0.047478 0.039660
0 0.510386 0.569405 0.044510 0.087819
0 0.183976 0.263456 0.252226 0.150142
0 0.545994 0.498584 0.053412 0.036827
0 0.353116 0.495751 0.121662 0.096317
0 0.694362 0.416431 0.255193 0.175637
0 0.626113 0.589235 0.338279 0.376771
0 0.415430 0.314448 0.139466 0.172805
0 0.605341 0.260623 0.314540 0.232295
0 0.029674 0.399433 0.519288 0.158640
0 0.320475 0.028329 0.213650 0.337110
