0 0.395437 0.503759 0.102662 0.124060
0 0.536122 0.481203 0.307985 0.157895
0 0.467681 0.507519 0.064639 0.056391
0 0.212928 0.203008 0.273764 0.304511
0 0.570342 0.605263 0.174905 0.142857
0 0.452471 0.609023 0.091255 0.165414
0 0.228137 0.364662 0.235741 0.142857
0 0.494297 0.379699 0.117871 0.154135
0 0.250951 0.620301 0.167300 0.274436
0 0.410646 0.349624 0.091255 0.127820
0 0.608365 0.037594 0.346008 0.417293
0 0.501901 0.548872 0.072243 0.078947
0 0.038023 0.488722 0.365019 0.176692
0 0.471483 0.127820 0.136882 0.263158
0 0.509506 0.616541 0.205323 0.338346
