0 0.335165 0.650838 0.175824 0.315642
0 0.524725 0.684358 0.145604 0.209497
0 0.500000 0.594972 0.087912 0.097765
0 0.582418 0.611732 0.285714 0.226257
0 0.582418 0.544693 0.228022 0.122905
0 0.524725 0.027933 0.175824 0.343575
0 0.027473 0.276536 0.406593 0.251397
0 0.467033 0.558659 0.068681 0.050279
0 0.436813 0.491620 0.093407 0.067039
0 0.590659 0.209497 0.326923 0.332402
0 0.357143 0.321229 0.184066 0.226257
0 0.335165 0.047486 0.208791 0.488827
0 0.777473 0.494413 0.189560 0.150838
0 0.200549 0.519553 0.269231 0.142458
0 0.228022 0.620112 0.271978 0.321229
0 0.601648 0.449721 0.178571 0.114525
0 0.527473 0.530726 0.071429 0.069832
0 0.535714 0.357542 0.129121 0.173184
0 0.395604 0.597765 0.107143 0.078212
