0 0.401961 0.567935 0.122549 0.100543
0 0.529412 0.475543 0.075980 0.095109
0 0.534314 0.247283 0.122549 0.225543
0 0.203431 0.665761 0.240196 0.301630
0 0.384804 0.027174 0.169118 0.464674
0 0.024510 0.437500 0.460784 0.171196
0 0.389706 0.562500 0.056373 0.062500
0 0.620098 0.682065 0.313725 0.241848
0 0.477941 0.663043 0.142157 0.277174
0 0.561275 0.565217 0.120098 0.114130
0 0.656863 0.562500 0.078431 0.095109
0 0.191176 0.279891 0.191176 0.157609
0 0.372549 0.334239 0.149510 0.211957
0 0.487745 0.546196 0.044118 0.040761
0 0.551471 0.630435 0.012255 0.032609
0 0.517157 0.554348 0.053922 0.108696
0 0.708333 0.391304 0.262255 0.187500
0 0.605392 0.260870 0.284314 0.274457
