0 0.247423 0.089080 0.252577 0.387931
0 0.432990 0.520115 0.085052 0.066092
0 0.520619 0.298851 0.072165 0.077586
0 0.502577 0.500000 0.092784 0.066092
0 0.572165 0.508621 0.396907 0.175287
0 0.561856 0.028736 0.177835 0.448276
0 0.190722 0.198276 0.177835 0.186782
0 0.298969 0.359195 0.201031 0.160920
0 0.025773 0.508621 0.412371 0.192529
0 0.291237 0.580460 0.211340 0.382184
0 0.587629 0.405172 0.219072 0.137931
0 0.275773 0.586207 0.180412 0.175287
0 0.564433 0.270115 0.252577 0.229885
0 0.520619 0.563218 0.149485 0.155172
0 0.492268 0.571839 0.087629 0.221264
0 0.590206 0.715517 0.221649 0.250000
0 0.497423 0.347701 0.082474 0.166667
