0 0.539877 0.477341 0.331288 0.202417
0 0.365031 0.453172 0.165644 0.111782
0 0.030675 0.262840 0.487730 0.205438
0 0.638037 0.501511 0.073620 0.036254
0 0.493865 0.172205 0.107362 0.268882
0 0.361963 0.429003 0.064417 0.039275
0 0.469325 0.398792 0.061350 0.072508
0 0.539877 0.187311 0.110429 0.253776
0 0.625767 0.296073 0.337423 0.169184
0 0.515337 0.477341 0.113497 0.271903
0 0.254601 0.030211 0.251534 0.365559
0 0.595092 0.093656 0.315951 0.314199
0 0.533742 0.407855 0.107362 0.072508
0 0.457055 0.477341 0.199387 0.486405
0 0.165644 0.419940 0.217791 0.108761
