0 0.137741 0.526946 0.311295 0.224551
0 0.027548 0.266467 0.424242 0.242515
0 0.429752 0.556886 0.110193 0.152695
0 0.170799 0.562874 0.292011 0.329341
0 0.526171 0.329341 0.146006 0.167665
0 0.225895 0.473054 0.228650 0.119760
0 0.495868 0.029940 0.184573 0.482036
0 0.311295 0.254491 0.129477 0.146707
0 0.534435 0.592814 0.286501 0.371257
0 0.418733 0.395210 0.090909 0.122754
0 0.523416 0.553892 0.286501 0.191617
0 0.515152 0.476048 0.077135 0.074850
0 0.446281 0.514970 0.074380 0.056886
0 0.341598 0.062874 0.168044 0.344311
0 0.586777 0.242515 0.380165 0.245509
