0 0.027473 0.520349 0.357143 0.203488
0 0.156593 0.200581 0.282967 0.247093
0 0.428571 0.296512 0.063187 0.095930
0 0.181319 0.427326 0.269231 0.104651
0 0.557692 0.273256 0.266484 0.194767
0 0.164835 0.322674 0.274725 0.148256
0 0.557692 0.546512 0.093407 0.066860
0 0.513736 0.421512 0.271978 0.075581
0 0.324176 0.683140 0.131868 0.281977
0 0.527473 0.029070 0.181319 0.404070
0 0.335165 0.500000 0.148352 0.183140
0 0.486264 0.500000 0.076923 0.090116
0 0.478022 0.575581 0.104396 0.200581
0 0.434066 0.386628 0.096154 0.119186
0 0.582418 0.668605 0.203297 0.247093
0 0.565934 0.540698 0.401099 0.226744
