0 0.368794 0.250000 0.127660 0.152985
0 0.542553 0.294776 0.063830 0.141791
0 0.585106 0.119403 0.326241 0.302239
0 0.287234 0.485075 0.212766 0.179104
0 0.581560 0.544776 0.262411 0.388060
0 0.450355 0.563433 0.166667 0.391791
0 0.553191 0.522388 0.078014 0.130597
0 0.407801 0.402985 0.120567 0.093284
0 0.673759 0.470149 0.283688 0.156716
0 0.542553 0.425373 0.134752 0.130597
0 0.035461 0.339552 0.372340 0.197761
0 0.478723 0.037313 0.170213 0.417910
0 0.273050 0.634328 0.152482 0.141791
0 0.496454 0.447761 0.056738 0.111940
0 0.127660 0.108209 0.248227 0.220149
