0 0.337047 0.079268 0.164345 0.356707
0 0.289694 0.493902 0.181058 0.109756
0 0.027855 0.286585 0.451253 0.246951
0 0.133705 0.585366 0.197772 0.179878
0 0.504178 0.500000 0.058496 0.051829
0 0.481894 0.030488 0.183844 0.469512
0 0.618384 0.262195 0.348189 0.219512
0 0.518106 0.551829 0.267409 0.198171
0 0.529248 0.350610 0.119777 0.161585
0 0.442897 0.435976 0.066852 0.088415
0 0.445682 0.521341 0.083565 0.125000
0 0.423398 0.631098 0.089136 0.091463
0 0.189415 0.564024 0.272981 0.347561
0 0.557103 0.341463 0.055710 0.054878
0 0.306407 0.259146 0.150418 0.182927
0 0.526462 0.603659 0.289694 0.359756
