0 0.589385 0.571816 0.363128 0.395664
0 0.539106 0.436314 0.061453 0.084011
0 0.687151 0.433604 0.279330 0.162602
0 0.324022 0.027100 0.226257 0.411924
0 0.393855 0.303523 0.142458 0.184282
0 0.497207 0.588076 0.036313 0.081301
0 0.354749 0.501355 0.114525 0.094851
0 0.195531 0.281843 0.215084 0.140921
0 0.581006 0.501355 0.108939 0.094851
0 0.692737 0.506775 0.086592 0.089431
0 0.597765 0.281843 0.329609 0.230352
0 0.513966 0.495935 0.041899 0.037940
0 0.120112 0.571816 0.337989 0.252033
0 0.441341 0.509485 0.089385 0.075881
0 0.525140 0.514905 0.064246 0.081301
0 0.027933 0.392954 0.483240 0.146341
0 0.416201 0.596206 0.153631 0.292683
0 0.536313 0.254743 0.114525 0.192412
