0 0.358531 0.495327 0.131749 0.151869
0 0.455724 0.539720 0.056156 0.149533
0 0.466523 0.352804 0.077754 0.107477
0 0.453564 0.441589 0.049676 0.051402
0 0.051836 0.341121 0.399568 0.156542
0 0.488121 0.455607 0.099352 0.114486
0 0.198704 0.023364 0.269978 0.420561
0 0.537797 0.359813 0.179266 0.133178
0 0.475162 0.532710 0.161987 0.341121
0 0.617711 0.156542 0.239741 0.207944
0 0.548596 0.439252 0.425486 0.170561
0 0.021598 0.478972 0.436285 0.217290
0 0.580994 0.565421 0.218143 0.186916
0 0.354212 0.628505 0.155508 0.343458
0 0.259179 0.530374 0.120950 0.133178
0 0.257019 0.308411 0.200864 0.151869
0 0.412527 0.177570 0.114471 0.184579
0 0.509719 0.049065 0.155508 0.310748
