0 0.454545 0.565982 0.142424 0.278592
0 0.554545 0.231672 0.121212 0.184751
0 0.118182 0.551320 0.378788 0.260997
0 0.490909 0.504399 0.069697 0.061584
0 0.600000 0.501466 0.087879 0.090909
0 0.563636 0.457478 0.054545 0.043988
0 0.554545 0.527859 0.042424 0.035191
0 0.515152 0.563050 0.051515 0.082111
0 0.566667 0.410557 0.039394 0.052786
0 0.190909 0.255132 0.248485 0.152493
0 0.557576 0.495601 0.048485 0.032258
0 0.357576 0.495601 0.136364 0.099707
0 0.687879 0.416422 0.275758 0.167155
0 0.636364 0.592375 0.318182 0.372434
0 0.436364 0.337243 0.130303 0.155425
0 0.690909 0.495601 0.118182 0.099707
0 0.621212 0.255132 0.290909 0.234604
0 0.030303 0.398827 0.503030 0.164223
0 0.321212 0.029326 0.227273 0.351906
