0 0.497475 0.474490 0.101010 0.071429
0 0.522727 0.676020 0.154040 0.211735
0 0.398990 0.285714 0.083333 0.142857
0 0.404040 0.477041 0.047980 0.030612
0 0.166667 0.068878 0.285354 0.372449
0 0.169192 0.346939 0.270202 0.150510
0 0.489899 0.239796 0.411616 0.244898
0 0.441919 0.436224 0.053030 0.043367
0 0.570707 0.387755 0.189394 0.109694
0 0.467172 0.288265 0.106061 0.183673
0 0.409091 0.477041 0.090909 0.140306
0 0.494949 0.512755 0.164141 0.191327
0 0.398990 0.614796 0.080808 0.084184
0 0.595960 0.512755 0.373737 0.163265
0 0.025253 0.505102 0.426768 0.229592
0 0.487374 0.025510 0.176768 0.270408
0 0.318182 0.617347 0.154040 0.352041
