0 0.592593 0.571059 0.375661 0.397933
0 0.494709 0.501292 0.066138 0.046512
0 0.396825 0.532300 0.132275 0.093023
0 0.711640 0.431525 0.256614 0.157623
0 0.703704 0.524548 0.071429 0.064599
0 0.529101 0.527132 0.068783 0.049096
0 0.526455 0.571059 0.063492 0.077519
0 0.380952 0.263566 0.158730 0.240310
0 0.404762 0.640827 0.158730 0.307494
0 0.531746 0.434109 0.087302 0.093023
0 0.026455 0.408269 0.468254 0.149871
0 0.365079 0.025840 0.185185 0.431525
0 0.589947 0.529716 0.164021 0.118863
0 0.195767 0.307494 0.346561 0.201550
0 0.447090 0.602067 0.079365 0.118863
0 0.616402 0.276486 0.291005 0.227390
0 0.087302 0.609819 0.304233 0.180879
0 0.539683 0.284238 0.105820 0.149871
0 0.357143 0.519380 0.079365 0.093023
