0 0.623153 0.358974 0.110837 0.125641
0 0.029557 0.353846 0.310345 0.161538
0 0.243842 0.525641 0.162562 0.161538
0 0.428571 0.607692 0.054187 0.110256
0 0.401478 0.476923 0.096059 0.125641
0 0.596059 0.430769 0.374384 0.176923
0 0.310345 0.325641 0.145320 0.143590
0 0.187192 0.025641 0.246305 0.361538
0 0.490148 0.453846 0.068966 0.066667
0 0.470443 0.523077 0.152709 0.264103
0 0.527094 0.117949 0.330049 0.305128
0 0.495074 0.105128 0.167488 0.289744
0 0.024631 0.474359 0.433498 0.261538
0 0.366995 0.597436 0.162562 0.371795
0 0.532020 0.392308 0.137931 0.100000
0 0.455665 0.446154 0.046798 0.043590
0 0.534483 0.517949 0.278325 0.251282
0 0.374384 0.151282 0.130542 0.246154
0 0.465517 0.394872 0.066502 0.064103
