      0/59        0G   0.08547    0.1474         0    0.2329       178       416    0.2574    0.2615    0.1298   0.02206   0.08389    0.1104         0
      1/59        0G   0.06121    0.1433         0    0.2045       146       416     0.693    0.6615    0.7559    0.2919   0.04982   0.08043         0
      2/59        0G   0.05475    0.1337         0    0.1884       209       416    0.8239    0.7919    0.8134    0.2622   0.04802   0.07522         0
      3/59        0G   0.05026    0.1251         0    0.1753       138       416    0.8563    0.7846    0.8542    0.4107   0.04049   0.07517         0
      4/59        0G   0.04769    0.1208         0    0.1685       109       416    0.9716       0.8    0.9105    0.4283   0.03942   0.06947         0
      5/59        0G    0.0447    0.1203         0     0.165       162       416    0.9573    0.8613    0.9356    0.4505   0.03695   0.07301         0
      6/59        0G   0.04185    0.1167         0    0.1585       192       416    0.9262    0.8769    0.9251    0.5133    0.0333   0.07077         0
      7/59        0G   0.04029    0.1127         0     0.153       108       416    0.9213    0.8999    0.9381    0.5054   0.03415   0.06631         0
      8/59        0G   0.03913    0.1131         0    0.1523       125       416    0.9286    0.8999    0.9408    0.5296   0.03293   0.07094         0
      9/59        0G   0.03884    0.1102         0     0.149       178       416    0.9571    0.8692    0.9483    0.5251   0.03227   0.06588         0
     10/59        0G   0.03848    0.1102         0    0.1487       137       416    0.9733    0.8538    0.9462    0.5292   0.03235   0.06445         0
     11/59        0G   0.03735    0.1091         0    0.1465       138       416       0.9       0.9    0.9433    0.5439   0.03149   0.06724         0
     12/59        0G   0.03715    0.1082         0    0.1454       159       416    0.9651    0.8538    0.9523      0.55   0.03199   0.06777         0
     13/59        0G   0.03679    0.1086         0    0.1454       155       416    0.9336    0.8692    0.9453    0.5608   0.03157   0.06439         0
     14/59        0G   0.03622    0.1066         0    0.1429       187       416    0.8797    0.8999    0.9352    0.5548   0.03125   0.06744         0
     15/59        0G   0.03579    0.1064         0    0.1421       170       416    0.9205    0.8923    0.9499    0.5398   0.03158   0.06543         0
     16/59        0G   0.03589    0.1053         0    0.1412       165       416    0.9113    0.8691    0.9297    0.5546   0.03066    0.0691         0
     17/59        0G   0.03509    0.1033         0    0.1384       120       416    0.8956    0.8615    0.9256    0.5653   0.03016   0.06699         0
     18/59        0G   0.03523    0.1066         0    0.1418       234       416    0.8872    0.9076    0.9284    0.5842   0.02964   0.06657         0
     19/59        0G   0.03462    0.1035         0    0.1382       150       416    0.8983    0.8846    0.9272    0.5527   0.03004   0.07016         0
     20/59        0G   0.03492    0.1032         0    0.1382       207       416    0.9444    0.9153    0.9516    0.5446   0.03056   0.06728         0
     21/59        0G   0.03434    0.1021         0    0.1365       113       416     0.928    0.8922     0.944    0.5639   0.03031   0.06436         0
     22/59        0G   0.03409    0.1019         0     0.136       180       416    0.8616    0.9154    0.9336    0.5746   0.02871    0.0662         0
     23/59        0G    0.0338    0.1007         0    0.1345       205       416     0.952    0.9151    0.9437    0.5688    0.0294    0.0672         0
     24/59        0G   0.03357    0.1004         0     0.134       183       416    0.9651    0.8692    0.9562    0.5684   0.02985   0.06683         0
     25/59        0G   0.03345    0.1009         0    0.1344       197       416    0.9291    0.9077    0.9425    0.5765   0.02927   0.06877         0
     26/59        0G   0.03339    0.1006         0     0.134       191       416    0.9504    0.8845    0.9447    0.5813   0.02939   0.06239         0
     27/59        0G   0.03291   0.09748         0    0.1304       180       416      0.95    0.8766    0.9457    0.5914   0.02806   0.06209         0
     28/59        0G   0.03279   0.09858         0    0.1314       148       416    0.9491    0.8613    0.9397    0.5763   0.02888   0.06428         0
     29/59        0G   0.03287   0.09876         0    0.1316       177       416    0.9495    0.8692    0.9512    0.5851   0.02839   0.06623         0
     30/59        0G   0.03247    0.0992         0    0.1317       196       416      0.92    0.8845    0.9447    0.5791   0.02848    0.0653         0
     31/59        0G   0.03238   0.09575         0    0.1281       109       416     0.928     0.892    0.9362    0.5777   0.02861    0.0637         0
     32/59        0G   0.03226   0.09613         0    0.1284       170       416    0.9355    0.8921    0.9273    0.5779   0.02808   0.06542         0
     33/59        0G     0.032   0.09652         0    0.1285       162       416    0.9426    0.8845    0.9545     0.609   0.02764   0.06581         0
     34/59        0G   0.03179    0.0952         0     0.127       168       416    0.8989    0.8923    0.9368    0.6116   0.02745   0.06529         0
     35/59        0G   0.03194   0.09726         0    0.1292       175       416    0.9503    0.8846    0.9471    0.6139   0.02763   0.06407         0
     36/59        0G   0.03193   0.09654         0    0.1285       215       416    0.9231    0.9231    0.9497    0.6181   0.02785   0.06289         0
     37/59        0G   0.03178   0.09573         0    0.1275       166       416    0.8832    0.9306    0.9408    0.6149   0.02727   0.06423         0
     38/59        0G   0.03155   0.09492         0    0.1265       178       416    0.9404    0.8538    0.9471    0.6185   0.02709   0.06279         0
     39/59        0G   0.03123    0.0938         0     0.125       124       416    0.9569    0.8535     0.958    0.6103   0.02763   0.06378         0
     40/59        0G   0.03114   0.09459         0    0.1257       190       416    0.9355    0.8921    0.9443    0.5924   0.02836   0.06669         0
     41/59        0G   0.03102   0.09382         0    0.1248       203       416    0.9296    0.9147    0.9544    0.6261   0.02786   0.06202         0
     42/59        0G   0.03124   0.09504         0    0.1263       231       416    0.9147    0.9077    0.9459    0.6074   0.02769   0.06302         0
     43/59        0G   0.03079   0.09281         0    0.1236       157       416    0.9274    0.8845    0.9436     0.615   0.02761    0.0645         0
     44/59        0G   0.03077   0.09369         0    0.1245       124       416    0.9368    0.9154    0.9585    0.6097   0.02777   0.06363         0
     45/59        0G   0.03072   0.09438         0    0.1251       134       416     0.907    0.8999    0.9438    0.6037   0.02773   0.06629         0
     46/59        0G   0.03063   0.09252         0    0.1231       154       416    0.9098    0.9307     0.948    0.6114   0.02681   0.06379         0
     47/59        0G   0.03026   0.09125         0    0.1215       124       416     0.903    0.9307    0.9566    0.6232   0.02688   0.06198         0
     48/59        0G   0.03058   0.09401         0    0.1246       141       416    0.9286    0.9077    0.9343    0.5991   0.02772   0.06644         0
     49/59        0G   0.03042   0.09159         0     0.122       121       416    0.9274    0.8846    0.9427    0.6101   0.02768   0.06476         0
     50/59        0G   0.03011   0.09226         0    0.1224       170       416    0.9577    0.8769    0.9512    0.6163   0.02703   0.06248         0
     51/59        0G   0.03033   0.09125         0    0.1216       135       416    0.9344    0.8769     0.947    0.6192   0.02736   0.06312         0
     52/59        0G    0.0301    0.0904         0    0.1205       129       416    0.9516    0.9074    0.9427    0.6277   0.02607   0.06472         0
     53/59        0G   0.03006   0.09173         0    0.1218       227       416    0.9212    0.8996    0.9416    0.6251   0.02636    0.0651         0
     54/59        0G   0.02995   0.08982         0    0.1198       188       416    0.9061    0.8923    0.9483    0.6222   0.02686   0.06358         0
     55/59        0G   0.02988   0.09071         0    0.1206       142       416    0.9021    0.9231     0.938     0.619   0.02707   0.06515         0
     56/59        0G   0.02981   0.09001         0    0.1198       150       416    0.9022    0.9229    0.9428    0.6145   0.02748   0.06509         0
     57/59        0G   0.02986   0.09026         0    0.1201       179       416    0.9415    0.8692     0.949    0.6135   0.02725   0.06573         0
     58/59        0G   0.02995   0.09309         0     0.123       152       416    0.9007    0.9074    0.9263    0.6109   0.02769   0.06596         0
     59/59        0G    0.0298   0.09083         0    0.1206       153       416    0.8813    0.9154     0.938    0.6027   0.02728   0.06578         0
